##
#  file: HodoPHCParam_Dummy
#  date: 2017.04.10
#  note: first version of E07-Phase2
#
#
#######################################################################
# CId	PlId	Seg	UorD	Type	nParam	p0	p1	...
#
#	Type=0 no correction will be performed
#	Type=1 ct=t-p[0]/sqrt(a-p[1])+p[2]
#	Type=2 ct=p[0]*a*a + p[1]*a + p[2] for Fiber
#
#######################################################################
# BH1 Up                                                              #
#######################################################################
1	0	0	0	0	3	0.500716	0.0729698	0.683547
1	0	1	0	0	3	0.500716	0.0729698	0.683547
1	0	2	0	0	3	0.500716	0.0729698	0.683547
1	0	3	0	0	3	0.500716	0.0729698	0.683547
1	0	4	0	0	3	0.500716	0.0729698	0.683547
1	0	5	0	0	3	0.500716	0.0729698	0.683547
1	0	6	0	0	3	0.500716	0.0729698	0.683547
1	0	7	0	0	3	0.500716	0.0729698	0.683547
1	0	8	0	0	3	0.500716	0.0729698	0.683547
1	0	9	0	0	3	0.500716	0.0729698	0.683547
1	0	10	0	0	3	0.500716	0.0729698	0.683547
#######################################################################
# BH1 Down                                                            #
#######################################################################
1	0	0	1	0	3	0.500716	0.0729698	0.683547
1	0	1	1	0	3	0.500716	0.0729698	0.683547
1	0	2	1	0	3	0.500716	0.0729698	0.683547
1	0	3	1	0	3	0.500716	0.0729698	0.683547
1	0	4	1	0	3	0.500716	0.0729698	0.683547
1	0	5	1	0	3	0.500716	0.0729698	0.683547
1	0	6	1	0	3	0.500716	0.0729698	0.683547
1	0	7	1	0	3	0.500716	0.0729698	0.683547
1	0	8	1	0	3	0.500716	0.0729698	0.683547
1	0	9	1	0	3	0.500716	0.0729698	0.683547
1	0	10	1	0	3	0.500716	0.0729698	0.683547
#######################################################################
# BH2 Up                                                              #
#######################################################################
2	0	0	0	0	3	1.5435813	0.0010000	1.4397390
2	0	1	0	0	3	1.5435813	0.0010000	1.4397390
2	0	2	0	0	3	1.5435813	0.0010000	1.4397390
2	0	3	0	0	3	1.5435813	0.0010000	1.4397390
2	0	4	0	0	3	1.5435813	0.0010000	1.4397390
#######################################################################
# BH2 Down                                                            #
#######################################################################
2	0	0	1	0	3	1.5794570	0.0010000	1.4190816
2	0	1	1	0	3	1.5794570	0.0010000	1.4190816
2	0	2	1	0	3	1.5794570	0.0010000	1.4190816
2	0	3	1	0	3	1.5794570	0.0010000	1.4190816
2	0	4	1	0	3	1.5794570	0.0010000	1.4190816
#######################################################################
# SCH                                                                 #
#######################################################################
6       0       0       0       0       3       0.0084010       -1.1393453      38.7052024      
6       0       1       0       0       3       0.0125472       -1.6315444      52.8049015      
6       0       2       0       0       3       0.0123730       -1.5671866      49.2863221      
6       0       3       0       0       3       0.0040100       -0.6711760      25.2514864      
6       0       4       0       0       3       0.0126649       -1.6735421      54.2405208      
6       0       5       0       0       3       -0.0016487      0.0320939       4.3785278       
6       0       6       0       0       3       0.0052649       -0.8035682      26.8015100      
6       0       7       0       0       3       0.0075715       -1.0353288      32.9553945      
6       0       8       0       0       3       0.0031666       -0.5772588      21.0782689      
6       0       9       0       0       3       0.0048080       -0.7174536      24.4379562      
6       0       10      0       0       3       0.0035077       -0.6024074      21.3479981      
6       0       11      0       0       3       0.0033775       -0.5823953      22.8041301      
6       0       12      0       0       3       0.0035025       -0.6158025      24.8195940      
6       0       13      0       0       3       0.0033821       -0.6014984      25.2746127      
6       0       14      0       0       3       0.0035710       -0.6171699      26.0242811      
6       0       15      0       0       3       0.0015220       -0.3045933      15.3317903      
6       0       16      0       0       3       0.0062483       -0.9500621      35.2459329      
6       0       17      0       0       3       0.0026837       -0.5373768      24.3615008      
6       0       18      0      	0       3       0.0017815       -0.3968735      19.0453705      
6       0       19      0       0       3       0.0046600       -0.7340113      28.7292992      
6       0       20      0       0       3       0.0063944       -0.9295170      34.0073871      
6       0       21      0       0       3       0.0044185       -0.6900598      26.2765878      
6       0       22      0       0       3       0.0068940       -0.9879796      33.6614427      
6       0       23      0       0       3       0.0042036       -0.6713060      23.9568771      
6       0       24      0       0       3       0.0057756       -0.8561731      30.0465910      
6       0       25      0       0       3       0.0081477       -1.1064540      36.2677383      
6       0       26      0       0       3       0.0042943       -0.6705183      23.8126059      
6       0       27      0       0       3       0.0064161       -0.9123889      32.5974729      
6       0       28      0       0       3       0.0061254       -0.8954178      32.5105842      
6       0       29      0       0       3       0.0050755       -0.7954376      30.3240320      
6       0       30      0       0       3       0.0028572       -0.5303455      22.4637287      
6       0       31      0       0       3       0.0061317       -0.8880118      33.9021962      
6       0       32      0       0       3       0.0037450       -0.6259011      25.2587084      
6       0       33      0       0       3       0.0056194       -0.8788558      33.6261304      
6       0       34      0       0       3       0.0085993       -1.2160309      42.9884924      
6       0       35      0       0       3       0.0037702       -0.6242888      24.5725595      
6       0       36      0       0       3       0.0025399       -0.4749062      20.1087882      
6       0       37      0       0       3       0.0053455       -0.8059313      30.1604634      
6       0       38      0       0       3       0.0057592       -0.8326559      27.9982945      
6       0       39      0       0       3       0.0055351       -0.8197594      27.6576537      
6       0       40      0       0       3       0.0073457       -1.0544532      35.6200153      
6       0       41      0       0       3       0.0087487       -1.2523294      42.6619313      
6       0       42      0       0       3       0.0098316       -1.3467214      44.5444649      
6       0       43      0       0       3       0.0066255       -0.9809855      35.8098780      
6       0       44      0       0       3       0.0080539       -1.1300122      40.1944870      
6       0       45      0       0       3       0.0017999       -0.3672110      17.8546767      
6       0       46      0       0       3       0.0096842       -1.3378774      47.7006560      
6       0       47      0       0       3       0.0072406       -1.0422527      39.5967563      
6       0       48      0       0       3       0.0104004       -1.4555829      51.6109940      
6       0       49      0       0       3       0.0051627       -0.7755180      30.3478709      
6       0       50      0       0       3       0.0073377       -1.0358313      38.0519763      
6       0       51      0       0       3       0.0023533       -0.4031442      17.7904413      
6       0       52      0       0       3       0.0090678       -1.2243680      43.2056561      
6       0       53      0       0       3       -0.0007960      -0.0280452      6.2015264       
6       0       54      0       0       3       0.0026184       -0.4221133      16.1275156      
6       0       55      0       0       3       -0.0030000      -0.6000000      15.0000000      
6       0       56      0       0       3       -0.0030000      -0.6000000      15.0000000      
6       0       57      0       0       3       -0.0030000      -0.6000000      15.0000000      
6       0       58      0       0       3       -0.0030000      -0.6000000      15.0000000      
6       0       59      0       0       3       -0.0030000      -0.6000000      15.0000000      
6       0       60      0       0       3       -0.0030000      -0.6000000      15.0000000      
6       0       61      0       0       3       -0.0030000      -0.6000000      15.0000000      
6       0       62      0       0       3       -0.0030000      -0.6000000      15.0000000      
6       0       63      0       0       3       -0.0030000      -0.6000000      15.0000000      
#######################################################################
# TOF Up                                                              #
#######################################################################
7	0	0	0	0	3	5.86393	-0.375167	4.45886
7	0	1	0	0	3	3.16575	-0.168895	2.99956
7	0	2	0	0	3	2.09125	-0.0711709	2.33607
7	0	3	0	0	3	237.282	-8.48651	76.6964
7	0	4	0	0	3	3.17983	-0.169808	3.48585
7	0	5	0	0	3	1.55785	0.0110793	2.09141
7	0	6	0	0	3	1.8655	-0.0320281	2.20984
7	0	7	0	0	3	1.3419	0.0554149	1.86417
7	0	8	0	0	3	1.57405	0.00524036	1.91237
7	0	9	0	0	3	1.51264	0.05306	2.21439
7	0	10	0	0	3	1.80626	0.0252116	2.51572
7	0	11	0	0	3	2.0305	-0.0244527	2.69451
7	0	12	0	0	3	1.96615	0.00817846	2.48176
7	0	13	0	0	3	2.12398	-0.0106829	2.3763
7	0	14	0	0	3	1.52861	0.068667	1.79826
7	0	15	0	0	3	2.08738	0.0116107	2.28304
7	0	16	0	0	3	2.01733	-0.0328187	2.19221
7	0	17	0	0	3	1.44004	0.0586606	1.68403
7	0	18	0	0	3	2.43795	0.0101939	2.65455
7	0	19	0	0	3	1.92842	0.0595099	2.21845
7	0	20	0	0	3	3.852	-0.277123	4.35525
7	0	21	0	0	3	3.05271	-0.119436	3.06813
7	0	22	0	0	3	3.69721	-0.168145	11.5182
7	0	23	0	0	3	1.91738	0.0736279	2.08752
#######################################################################
# TOF Down                                                            #
#######################################################################
7	0	0	1	0	3	5.86393	-0.375167	4.45886
7	0	1	1	0	3	3.16575	-0.168895	2.99956
7	0	2	1	0	3	2.09125	-0.0711709	2.33607
7	0	3	1	0	3	237.282	-8.48651	76.6964
7	0	4	1	0	3	3.17983	-0.169808	3.48585
7	0	5	1	0	3	1.55785	0.0110793	2.09141
7	0	6	1	0	3	1.8655	-0.0320281	2.20984
7	0	7	1	0	3	1.3419	0.0554149	1.86417
7	0	8	1	0	3	1.57405	0.00524036	1.91237
7	0	9	1	0	3	1.51264	0.05306	2.21439
7	0	10	1	0	3	1.80626	0.0252116	2.51572
7	0	11	1	0	3	2.0305	-0.0244527	2.69451
7	0	12	1	0	3	1.96615	0.00817846	2.48176
7	0	13	1	0	3	2.12398	-0.0106829	2.3763
7	0	14	1	0	3	1.52861	0.068667	1.79826
7	0	15	1	0	3	2.08738	0.0116107	2.28304
7	0	16	1	0	3	2.01733	-0.0328187	2.19221
7	0	17	1	0	3	1.44004	0.0586606	1.68403
7	0	18	1	0	3	2.43795	0.0101939	2.65455
7	0	19	1	0	3	1.92842	0.0595099	2.21845
7	0	20	1	0	3	3.852	-0.277123	4.35525
7	0	21	1	0	3	3.05271	-0.119436	3.06813
7	0	22	1	0	3	3.69721	-0.168145	11.5182
7	0	23	1	0	3	1.91738	0.0736279	2.08752
#######################################################################
# stof correction for each TOF segment                                #
#   Type=0 no correction will be performed                            #
#   Type=1 cstof=stof-(p[0]*btof + p[1])                              #
#######################################################################
7	0	0	2	0	2	0.79601	0.421931
7	0	1	2	0	2	0.600317	0.202899
7	0	2	2	0	2	0.510767	-0.00640125
7	0	3	2	0	2	0.928229	0.739735
7	0	4	2	0	2	0.73409	-0.00996648
7	0	5	2	0	2	0.76717	-0.0448456
7	0	6	2	0	2	0.72214	-0.0815622
7	0	7	2	0	2	0.683578	-0.0559072
7	0	8	2	0	2	0.711061	-0.047285
7	0	9	2	0	2	0.666358	-0.0649356
7	0	10	2	0	2	0.687015	-0.0790127
7	0	11	2	0	2	0.712891	-0.0930203
7	0	12	2	0	2	0.709781	-0.0940827
7	0	13	2	0	2	0.704976	-0.231154
7	0	14	2	0	2	0.692625	-0.224335
7	0	15	2	0	2	0.735323	-0.09635
7	0	16	2	0	2	0.726646	-0.0402457
7	0	17	2	0	2	0.730394	-0.0783533
7	0	18	2	0	2	0.724102	-0.0634455
7	0	19	2	0	2	0.699466	-0.0800106
7	0	20	2	0	2	0.747043	-0.110924
7	0	21	2	0	2	0.708462	-0.167261
7	0	22	2	0	2	2.16148	0.171864
7	0	23	2	0	2	-0.791573	0.777094
#######################################################################
# WC Up                                                               #
#######################################################################
13	0	0	0	0	3	5.86393	-0.375167	4.45886
13	0	1	0	0	3	3.16575	-0.168895	2.99956
13	0	2	0	0	3	2.09125	-0.0711709	2.33607
13	0	3	0	0	3	237.282	-8.48651	76.6964
13	0	4	0	0	3	3.17983	-0.169808	3.48585
13	0	5	0	0	3	1.55785	0.0110793	2.09141
13	0	6	0	0	3	1.8655	-0.0320281	2.20984
13	0	7	0	0	3	1.3419	0.0554149	1.86417
13	0	8	0	0	3	1.57405	0.00524036	1.91237
13	0	9	0	0	3	1.51264	0.05306	2.21439
13	0	10	0	0	3	1.80626	0.0252116	2.51572
13	0	11	0	0	3	2.0305	-0.0244527	2.69451
13	0	12	0	0	3	1.96615	0.00817846	2.48176
13	0	13	0	0	3	2.12398	-0.0106829	2.3763
13	0	14	0	0	3	1.52861	0.068667	1.79826
13	0	15	0	0	3	2.08738	0.0116107	2.28304
13	0	16	0	0	3	2.01733	-0.0328187	2.19221
13	0	17	0	0	3	1.44004	0.0586606	1.68403
13	0	18	0	0	3	2.43795	0.0101939	2.65455
13	0	19	0	0	3	1.92842	0.0595099	2.21845
13	0	20	0	0	3	3.852	-0.277123	4.35525
#######################################################################
# WC Down                                                             #
#######################################################################
13	0	0	1	0	3	5.86393	-0.375167	4.45886
13	0	1	1	0	3	3.16575	-0.168895	2.99956
13	0	2	1	0	3	2.09125	-0.0711709	2.33607
13	0	3	1	0	3	237.282	-8.48651	76.6964
13	0	4	1	0	3	3.17983	-0.169808	3.48585
13	0	5	1	0	3	1.55785	0.0110793	2.09141
13	0	6	1	0	3	1.8655	-0.0320281	2.20984
13	0	7	1	0	3	1.3419	0.0554149	1.86417
13	0	8	1	0	3	1.57405	0.00524036	1.91237
13	0	9	1	0	3	1.51264	0.05306	2.21439
13	0	10	1	0	3	1.80626	0.0252116	2.51572
13	0	11	1	0	3	2.0305	-0.0244527	2.69451
13	0	12	1	0	3	1.96615	0.00817846	2.48176
13	0	13	1	0	3	2.12398	-0.0106829	2.3763
13	0	14	1	0	3	1.52861	0.068667	1.79826
13	0	15	1	0	3	2.08738	0.0116107	2.28304
13	0	16	1	0	3	2.01733	-0.0328187	2.19221
13	0	17	1	0	3	1.44004	0.0586606	1.68403
13	0	18	1	0	3	2.43795	0.0101939	2.65455
13	0	19	1	0	3	1.92842	0.0595099	2.21845
13	0	20	1	0	3	3.852	-0.277123	4.35525
#######################################################################
# WC  SUM                                                             #
#######################################################################
14	0	0	0	0	3	5.86393	-0.375167	4.45886
14	0	1	0	0	3	3.16575	-0.168895	2.99956
14	0	2	0	0	3	2.09125	-0.0711709	2.33607
14	0	3	0	0	3	237.282	-8.48651	76.6964
14	0	4	0	0	3	3.17983	-0.169808	3.48585
14	0	5	0	0	3	1.55785	0.0110793	2.09141
14	0	6	0	0	3	1.8655	-0.0320281	2.20984
14	0	7	0	0	3	1.3419	0.0554149	1.86417
14	0	8	0	0	3	1.57405	0.00524036	1.91237
14	0	9	0	0	3	1.51264	0.05306	2.21439
14	0	10	0	0	3	1.80626	0.0252116	2.51572
14	0	11	0	0	3	2.0305	-0.0244527	2.69451
14	0	12	0	0	3	1.96615	0.00817846	2.48176
14	0	13	0	0	3	2.12398	-0.0106829	2.3763
14	0	14	0	0	3	1.52861	0.068667	1.79826
14	0	15	0	0	3	2.08738	0.0116107	2.28304
14	0	16	0	0	3	2.01733	-0.0328187	2.19221
14	0	17	0	0	3	1.44004	0.0586606	1.68403
14	0	18	0	0	3	2.43795	0.0101939	2.65455
14	0	19	0	0	3	1.92842	0.0595099	2.21845
14	0	20	0	0	3	3.852	-0.277123	4.35525
#######################################################################
# stof correction for each TOF segment                                #
#   Type=0 no correction will be performed                            #
#   Type=1 cstof=stof-(p[0]*btof + p[1])                              #
#######################################################################
13	0	0	2	0	2	0.79601	0.421931
13	0	1	2	0	2	0.600317	0.202899
13	0	2	2	0	2	0.510767	-0.00640125
13	0	3	2	0	2	0.928229	0.739735
13	0	4	2	0	2	0.73409	-0.00996648
13	0	5	2	0	2	0.76717	-0.0448456
13	0	6	2	0	2	0.72214	-0.0815622
13	0	7	2	0	2	0.683578	-0.0559072
13	0	8	2	0	2	0.711061	-0.047285
13	0	9	2	0	2	0.666358	-0.0649356
13	0	10	2	0	2	0.687015	-0.0790127
13	0	11	2	0	2	0.712891	-0.0930203
13	0	12	2	0	2	0.709781	-0.0940827
13	0	13	2	0	2	0.704976	-0.231154
13	0	14	2	0	2	0.692625	-0.224335
13	0	15	2	0	2	0.735323	-0.09635
13	0	16	2	0	2	0.726646	-0.0402457
13	0	17	2	0	2	0.730394	-0.0783533
13	0	18	2	0	2	0.724102	-0.0634455
13	0	19	2	0	2	0.699466	-0.0800106
13	0	20	2	0	2	0.747043	-0.110924
#######################################################################
# BFT U                                                               #
#######################################################################
110	0	0	0	2	3	-0.0119295	0.631074	-5.85882
110	0	1	0	2	3	0.00551812	-0.642747	17.5704
110	0	2	0	2	3	-0.00189763	-0.104615	6.79931
110	0	3	0	2	3	0.0128167	-1.26654	31.2138
110	0	4	0	2	3	0.0077908	-0.844427	21.1266
110	0	5	0	2	3	0.00157716	-0.370953	12.4967
110	0	6	0	2	3	0.00189917	-0.403903	12.3271
110	0	7	0	2	3	0.00347343	-0.535095	15.7601
110	0	8	0	2	3	0.00418137	-0.602261	16.6631
110	0	9	0	2	3	0.00202295	-0.415654	14.1378
110	0	10	0	2	3	0.00648707	-0.75896	19.6716
110	0	11	0	2	3	0.00868048	-0.916779	23.6003
110	0	12	0	2	3	0.00347539	-0.553298	15.4675
110	0	13	0	2	3	0.00190962	-0.430612	15.0392
110	0	14	0	2	3	0.0103331	-1.0446	25.0762
110	0	15	0	2	3	0.00252485	-0.478361	15.9838
110	0	16	0	2	3	0.00210081	-0.448112	13.3398
110	0	17	0	2	3	0.00677856	-0.790705	21.1565
110	0	18	0	2	3	0.00816589	-0.901795	21.8255
110	0	19	0	2	3	-0.000935734	-0.21613	8.77186
110	0	20	0	2	3	0.00187993	-0.401352	12.4362
110	0	21	0	2	3	0.00474297	-0.617718	17.8565
110	0	22	0	2	3	0.00284964	-0.484991	14.122
110	0	23	0	2	3	0.0030142	-0.451961	13.9671
110	0	24	0	2	3	0.00434943	-0.599049	16.6421
110	0	25	0	2	3	0.005589	-0.70824	19.6534
110	0	26	0	2	3	0.000187199	-0.27838	11.2295
110	0	27	0	2	3	0.000505256	-0.321301	12.58
110	0	28	0	2	3	-0.000619686	-0.21635	8.48471
110	0	29	0	2	3	0.00492932	-0.636001	17.7054
110	0	30	0	2	3	0.0037559	-0.565999	15.7416
110	0	31	0	2	3	0.00552862	-0.669435	18.5121
110	0	32	0	2	3	-0.00207862	-0.123551	7.62316
110	0	33	0	2	3	-0.00015415	-0.249077	8.53118
110	0	34	0	2	3	-0.00117494	-0.216484	9.67365
110	0	35	0	2	3	-0.0037484	0.0203535	5.87045
110	0	36	0	2	3	0.00336961	-0.500168	13.8241
110	0	37	0	2	3	0.00746549	-0.826056	22.4187
110	0	38	0	2	3	0.000161048	-0.305397	11.5075
110	0	39	0	2	3	0.00392984	-0.557151	16.3022
110	0	40	0	2	3	0.00315411	-0.504955	14.1116
110	0	41	0	2	3	0.00105428	-0.350297	13.7653
110	0	42	0	2	3	0.00266263	-0.500711	15.1885
110	0	43	0	2	3	0.00857831	-0.949109	24.8974
110	0	44	0	2	3	-0.00243287	-0.110065	7.42793
110	0	45	0	2	3	0.00896203	-0.945199	24.3386
110	0	46	0	2	3	0.00386442	-0.570291	16.7973
110	0	47	0	2	3	0.0015505	-0.386308	13.8273
110	0	48	0	2	3	-0.00431258	0.0208811	5.14813
110	0	49	0	2	3	0.00411008	-0.576558	16.9109
110	0	50	0	2	3	9.191e-05	-0.280412	10.683
110	0	51	0	2	3	-0.00211539	-0.10486	7.83225
110	0	52	0	2	3	0.000843044	-0.340824	11.9826
110	0	53	0	2	3	0.00270471	-0.468585	14.6089
110	0	54	0	2	3	0.00393725	-0.590987	17.4716
110	0	55	0	2	3	0.00361242	-0.557612	16.6233
110	0	56	0	2	3	5.06176e-05	-0.300303	11.831
110	0	57	0	2	3	0.0051894	-0.671375	19.3934
110	0	58	0	2	3	0.00390077	-0.580049	17.1488
110	0	59	0	2	3	0.00391211	-0.589007	18.1671
110	0	60	0	2	3	0.00075464	-0.361239	11.9407
110	0	61	0	2	3	0.00522205	-0.680759	19.3695
110	0	62	0	2	3	0.0014848	-0.396546	12.5682
110	0	63	0	2	3	0.00211421	-0.442527	15.6778
110	0	64	0	2	3	0.00261476	-0.491522	14.9349
110	0	65	0	2	3	0.00246663	-0.469681	15.4313
110	0	66	0	2	3	0.00267654	-0.501657	16.2351
110	0	67	0	2	3	0.00303531	-0.520018	16.619
110	0	68	0	2	3	0.00183458	-0.429196	14.0721
110	0	69	0	2	3	0.00515518	-0.666359	18.5523
110	0	70	0	2	3	0.00219071	-0.469756	14.9886
110	0	71	0	2	3	0.00451252	-0.617762	17.9982
110	0	72	0	2	3	0.00380364	-0.583031	17.0021
110	0	73	0	2	3	0.00490301	-0.641861	17.7691
110	0	74	0	2	3	0.00604828	-0.752612	20.1642
110	0	75	0	2	3	0.00442238	-0.617041	17.8024
110	0	76	0	2	3	0.00356451	-0.550479	15.2915
110	0	77	0	2	3	0.00621955	-0.745146	20.3473
110	0	78	0	2	3	0.00276918	-0.500723	14.7919
110	0	79	0	2	3	0.00516229	-0.665555	18.577
110	0	80	0	2	3	0.00425735	-0.603208	17.3479
110	0	81	0	2	3	0.00580179	-0.706583	19.2828
110	0	82	0	2	3	0.00184807	-0.436124	14.0299
110	0	83	0	2	3	0.00357665	-0.551892	16.3695
110	0	84	0	2	3	0.0032008	-0.524997	16.3371
110	0	85	0	2	3	0.00357675	-0.548388	15.8262
110	0	86	0	2	3	0.00135385	-0.400238	12.9252
110	0	87	0	2	3	0.0061585	-0.76098	21.266
110	0	88	0	2	3	0.00425014	-0.59913	17.0653
110	0	89	0	2	3	0.0051268	-0.667085	18.6364
110	0	90	0	2	3	0.00147423	-0.393714	12.4367
110	0	91	0	2	3	0.00497411	-0.666799	18.3049
110	0	92	0	2	3	0.00376453	-0.579262	17.8314
110	0	93	0	2	3	0.00537185	-0.68683	18.7879
110	0	94	0	2	3	0.00322786	-0.547462	17.2277
110	0	95	0	2	3	0.00390153	-0.573444	17.1593
110	0	96	0	2	3	0.00410569	-0.603185	16.8985
110	0	97	0	2	3	0.00378219	-0.560521	17.0236
110	0	98	0	2	3	0.00489709	-0.65806	17.7531
110	0	99	0	2	3	0.00460865	-0.613722	16.6009
110	0	100	0	2	3	0.00210651	-0.444135	14.3366
110	0	101	0	2	3	0.00561056	-0.707762	19.8481
110	0	102	0	2	3	0.00284874	-0.513342	16.0368
110	0	103	0	2	3	0.00447685	-0.618726	17.6567
110	0	104	0	2	3	0.00225607	-0.46294	14.8619
110	0	105	0	2	3	0.00143625	-0.380063	12.9073
110	0	106	0	2	3	0.00329635	-0.531309	16.0531
110	0	107	0	2	3	0.00312963	-0.508646	14.9034
110	0	108	0	2	3	0.00121363	-0.378488	13.0421
110	0	109	0	2	3	0.00228566	-0.454155	14.4023
110	0	110	0	2	3	0.00337371	-0.542131	16.0878
110	0	111	0	2	3	0.00429097	-0.603314	17.1488
110	0	112	0	2	3	0.00404625	-0.58805	16.7462
110	0	113	0	2	3	0.00621987	-0.742853	19.6035
110	0	114	0	2	3	0.0060065	-0.75249	20.3276
110	0	115	0	2	3	0.00393756	-0.564753	16.1743
110	0	116	0	2	3	0.00400221	-0.58964	16.5961
110	0	117	0	2	3	0.00568624	-0.708384	19.9805
110	0	118	0	2	3	0.0043899	-0.625166	17.9637
110	0	119	0	2	3	0.00479794	-0.63906	17.8361
110	0	120	0	2	3	0.00661667	-0.798295	20.7987
110	0	121	0	2	3	0.0053415	-0.672363	17.8934
110	0	122	0	2	3	0.00541986	-0.703827	20.0456
110	0	123	0	2	3	0.00545032	-0.694075	19.1264
110	0	124	0	2	3	0.00353962	-0.559387	16.8664
110	0	125	0	2	3	0.00205529	-0.4273	11.8553
110	0	126	0	2	3	0.00149525	-0.395361	12.9099
110	0	127	0	2	3	0.0032264	-0.527559	15.7892
110	0	128	0	2	3	0.00367148	-0.600718	18.2498
110	0	129	0	2	3	0.00485398	-0.676472	19.175
110	0	130	0	2	3	0.00508448	-0.699518	20.9988
110	0	131	0	2	3	-0.000195493	-0.284354	11.9526
110	0	132	0	2	3	0.00325803	-0.549593	17.3508
110	0	133	0	2	3	0.0051943	-0.677868	19.0264
110	0	134	0	2	3	0.0030546	-0.556386	17.3286
110	0	135	0	2	3	0.00134419	-0.397136	14.3036
110	0	136	0	2	3	0.00324221	-0.548227	17.1493
110	0	137	0	2	3	0.00404363	-0.609292	18.3273
110	0	138	0	2	3	0.00547044	-0.727813	20.6202
110	0	139	0	2	3	0.0049195	-0.670794	18.8887
110	0	140	0	2	3	0.002003	-0.459562	15.7047
110	0	141	0	2	3	0.00329951	-0.562758	16.4107
110	0	142	0	2	3	0.00494601	-0.680023	20.0416
110	0	143	0	2	3	0.00318689	-0.531011	15.7735
110	0	144	0	2	3	0.00384876	-0.591421	17.4741
110	0	145	0	2	3	0.00542407	-0.705656	19.4906
110	0	146	0	2	3	0.00440553	-0.645258	18.5707
110	0	147	0	2	3	0.00358463	-0.569882	17.2462
110	0	148	0	2	3	0.00496097	-0.680372	19.4762
110	0	149	0	2	3	0.00354592	-0.557832	16.6692
110	0	150	0	2	3	0.00376092	-0.578802	17.2276
110	0	151	0	2	3	0.00386372	-0.598729	17.5989
110	0	152	0	2	3	0.00599716	-0.759219	21.1309
110	0	153	0	2	3	0.00439436	-0.652787	19.0936
110	0	154	0	2	3	0.00215557	-0.459076	14.3324
110	0	155	0	2	3	0.00164149	-0.436285	14.0829
110	0	156	0	2	3	0.00495376	-0.682927	19.353
110	0	157	0	2	3	0.00347939	-0.566298	16.32
110	0	158	0	2	3	0.00189299	-0.456309	14.6946
110	0	159	0	2	3	0.00344054	-0.567034	16.8028
#######################################################################
# BFT D                                                               #
#######################################################################
110	1	0	0	2	3	-0.00543457	0.192399	1.76837
110	1	1	0	2	3	0.00530502	-0.653251	18.366
110	1	2	0	2	3	0.00471656	-0.637998	16.9433
110	1	3	0	2	3	0.0100451	-1.02243	25.6528
110	1	4	0	2	3	0.00381003	-0.579859	17.1533
110	1	5	0	2	3	0.00639289	-0.790547	22.3673
110	1	6	0	2	3	0.00816124	-0.885637	21.3574
110	1	7	0	2	3	0.00453458	-0.629423	18.6209
110	1	8	0	2	3	0.00130624	-0.378756	12.5918
110	1	9	0	2	3	0.0013102	-0.412573	15.4582
110	1	10	0	2	3	0.0114954	-1.14985	26.9741
110	1	11	0	2	3	0.00624041	-0.758065	20.9876
110	1	12	0	2	3	0.000153681	-0.277466	10.751
110	1	13	0	2	3	-0.000589868	-0.22234	10.2572
110	1	14	0	2	3	0.0010303	-0.361078	12.3213
110	1	15	0	2	3	0.00521532	-0.682154	19.1651
110	1	16	0	2	3	0.00940489	-0.995896	24.5614
110	1	17	0	2	3	0.00550239	-0.683866	19.2643
110	1	18	0	2	3	0.00789081	-0.864572	21.2752
110	1	19	0	2	3	-0.00208706	-0.12335	9.36659
110	1	20	0	2	3	0.00221617	-0.447895	14.6312
110	1	21	0	2	3	0.0027097	-0.49963	16.5329
110	1	22	0	2	3	0.00766341	-0.862127	22.0857
110	1	23	0	2	3	-0.000476542	-0.216384	9.6607
110	1	24	0	2	3	0.00414934	-0.601097	17.3793
110	1	25	0	2	3	0.00288711	-0.495952	15.603
110	1	26	0	2	3	0.00193013	-0.442669	14.2671
110	1	27	0	2	3	0.00841402	-0.939842	25.049
110	1	28	0	2	3	0.00258679	-0.482046	14.9179
110	1	29	0	2	3	0.00320596	-0.540924	16.9293
110	1	30	0	2	3	0.00715767	-0.823377	21.4373
110	1	31	0	2	3	0.00555736	-0.705653	19.8929
110	1	32	0	2	3	-0.000386875	-0.288617	9.64723
110	1	33	0	2	3	-0.00292935	-0.0694804	6.77461
110	1	34	0	2	3	0.00533454	-0.67941	18.2076
110	1	35	0	2	3	0.00513177	-0.666783	19.8405
110	1	36	0	2	3	0.00242205	-0.471608	14.7093
110	1	37	0	2	3	-0.000675364	-0.23196	10.0484
110	1	38	0	2	3	0.005855	-0.726094	19.6834
110	1	39	0	2	3	-0.00191672	-0.117332	8.54991
110	1	40	0	2	3	0.00428879	-0.615208	17.4397
110	1	41	0	2	3	-0.00431485	0.0320294	5.80096
110	1	42	0	2	3	0.00194019	-0.421268	13.0292
110	1	43	0	2	3	0.00571558	-0.719764	20.4137
110	1	44	0	2	3	0.000557134	-0.329799	12.1907
110	1	45	0	2	3	0.00552075	-0.716056	20.0726
110	1	46	0	2	3	0.00380256	-0.585774	17.1522
110	1	47	0	2	3	0.0050767	-0.680526	20.0027
110	1	48	0	2	3	0.00374477	-0.571416	16.427
110	1	49	0	2	3	-0.00286757	-0.0601943	7.65595
110	1	50	0	2	3	0.00316187	-0.525489	15.3635
110	1	51	0	2	3	0.0057545	-0.693094	19.7307
110	1	52	0	2	3	0.00259676	-0.486995	15.0399
110	1	53	0	2	3	0.00366375	-0.566085	17.3326
110	1	54	0	2	3	0.00574897	-0.728283	19.538
110	1	55	0	2	3	0.00791014	-0.870409	23.4278
110	1	56	0	2	3	0.000154313	-0.318113	12.1456
110	1	57	0	2	3	0.00248959	-0.476745	16.2091
110	1	58	0	2	3	0.00616286	-0.767719	21.3989
110	1	59	0	2	3	0.00196023	-0.445912	15.9302
110	1	60	0	2	3	0.00405769	-0.5937	16.7855
110	1	61	0	2	3	0.00301739	-0.49895	15.9829
110	1	62	0	2	3	0.00156769	-0.406694	13.3442
110	1	63	0	2	3	0.00505347	-0.681537	19.5682
110	1	64	0	2	3	0.00429614	-0.616881	17.7664
110	1	65	0	2	3	0.00417009	-0.613673	17.684
110	1	66	0	2	3	0.00443283	-0.63756	17.8665
110	1	67	0	2	3	0.00291303	-0.508083	15.4802
110	1	68	0	2	3	0.000134382	-0.28848	10.8065
110	1	69	0	2	3	0.00168859	-0.418577	13.9548
110	1	70	0	2	3	0.00542162	-0.700735	19.094
110	1	71	0	2	3	0.00391084	-0.582288	17.0842
110	1	72	0	2	3	0.00335485	-0.534517	16.3938
110	1	73	0	2	3	0.00491417	-0.658006	19.0139
110	1	74	0	2	3	-0.000483744	-0.256671	9.59887
110	1	75	0	2	3	0.00391788	-0.587762	16.691
110	1	76	0	2	3	0.00378678	-0.575168	17.1009
110	1	77	0	2	3	0.00168975	-0.415205	13.4557
110	1	78	0	2	3	0.00115931	-0.385984	13.1097
110	1	79	0	2	3	0.00322956	-0.527685	15.4388
110	1	80	0	2	3	0.00492945	-0.659583	18.623
110	1	81	0	2	3	0.00427942	-0.611019	17.3157
110	1	82	0	2	3	0.00478281	-0.646827	19.1515
110	1	83	0	2	3	0.00239623	-0.451233	14.4552
110	1	84	0	2	3	-0.0012602	-0.194848	9.4936
110	1	85	0	2	3	0.00299786	-0.50653	14.5895
110	1	86	0	2	3	0.00312972	-0.52153	15.6147
110	1	87	0	2	3	0.000485773	-0.30673	10.5684
110	1	88	0	2	3	0.00468486	-0.647636	18.9258
110	1	89	0	2	3	0.00239666	-0.470924	14.705
110	1	90	0	2	3	0.00276855	-0.501657	15.2739
110	1	91	0	2	3	0.00375356	-0.564045	16.2365
110	1	92	0	2	3	0.00417742	-0.596079	17.3204
110	1	93	0	2	3	0.00345143	-0.539367	15.3468
110	1	94	0	2	3	0.00357367	-0.569089	16.8129
110	1	95	0	2	3	0.00364657	-0.561893	16.5872
110	1	96	0	2	3	0.00237069	-0.465076	14.6449
110	1	97	0	2	3	0.00346471	-0.543451	15.9068
110	1	98	0	2	3	0.00461816	-0.64811	18.3644
110	1	99	0	2	3	0.00332552	-0.539173	16.2994
110	1	100	0	2	3	0.00225078	-0.450842	13.9164
110	1	101	0	2	3	0.00298783	-0.51031	15.2474
110	1	102	0	2	3	0.00291582	-0.515482	16.0534
110	1	103	0	2	3	0.00264169	-0.486938	15.1477
110	1	104	0	2	3	0.00440986	-0.621427	18.0037
110	1	105	0	2	3	0.00311206	-0.516235	15.0126
110	1	106	0	2	3	0.00483939	-0.656784	18.4523
110	1	107	0	2	3	0.00191071	-0.434715	13.4354
110	1	108	0	2	3	0.00504117	-0.672035	18.7779
110	1	109	0	2	3	0.00261175	-0.47578	14.7215
110	1	110	0	2	3	0.0062868	-0.760742	20.4655
110	1	111	0	2	3	0.00521844	-0.684099	19.2508
110	1	112	0	2	3	0.00411366	-0.596971	17.3086
110	1	113	0	2	3	0.00249465	-0.470662	15.2056
110	1	114	0	2	3	0.00542712	-0.700306	19.0846
110	1	115	0	2	3	0.00451137	-0.617368	17.4778
110	1	116	0	2	3	0.00362322	-0.562259	16.8102
110	1	117	0	2	3	0.00392866	-0.575622	17.0048
110	1	118	0	2	3	0.00461523	-0.64568	17.6651
110	1	119	0	2	3	0.0045797	-0.628555	18.2177
110	1	120	0	2	3	0.00268417	-0.499831	15.5591
110	1	121	0	2	3	0.00371313	-0.568196	16.8559
110	1	122	0	2	3	0.00547389	-0.710918	20.7552
110	1	123	0	2	3	0.00874633	-0.962369	25.9248
110	1	124	0	2	3	0.00478244	-0.647172	17.8029
110	1	125	0	2	3	0.00286506	-0.518032	16.5099
110	1	126	0	2	3	0.00247915	-0.479903	14.4539
110	1	127	0	2	3	0.00413569	-0.594397	17.3825
110	1	128	0	2	3	0.0029397	-0.523604	16.6822
110	1	129	0	2	3	0.00516183	-0.705105	20.2314
110	1	130	0	2	3	0.00536585	-0.693587	18.6861
110	1	131	0	2	3	0.00575381	-0.722295	19.8089
110	1	132	0	2	3	0.00232271	-0.478205	15.9892
110	1	133	0	2	3	0.00631348	-0.765275	20.3595
110	1	134	0	2	3	0.00563941	-0.733627	20.7774
110	1	135	0	2	3	0.00409112	-0.601142	16.8063
110	1	136	0	2	3	0.00682937	-0.825421	22.8019
110	1	137	0	2	3	0.0054747	-0.712106	18.926
110	1	138	0	2	3	0.00471124	-0.657022	18.7493
110	1	139	0	2	3	0.00449703	-0.627781	17.3298
110	1	140	0	2	3	0.00345108	-0.558926	16.6284
110	1	141	0	2	3	0.00241047	-0.481262	15.0655
110	1	142	0	2	3	0.00448253	-0.642754	18.0853
110	1	143	0	2	3	0.00343585	-0.55364	17.1169
110	1	144	0	2	3	0.00162821	-0.429595	14.4418
110	1	145	0	2	3	0.00516929	-0.674156	18.6929
110	1	146	0	2	3	0.00441116	-0.643234	18.4637
110	1	147	0	2	3	0.00339945	-0.547574	15.5975
110	1	148	0	2	3	0.00280018	-0.508486	15.1642
110	1	149	0	2	3	0.00165745	-0.414899	14.4309
110	1	150	0	2	3	0.00519609	-0.689484	18.6394
110	1	151	0	2	3	0.0021353	-0.451606	14.4711
110	1	152	0	2	3	0.00394503	-0.60491	18.6734
110	1	153	0	2	3	0.00305355	-0.528209	17.0201
110	1	154	0	2	3	0.00205112	-0.457911	14.245
110	1	155	0	2	3	0.00327404	-0.539291	16.0687
110	1	156	0	2	3	0.00372198	-0.584819	16.5536
110	1	157	0	2	3	0.00513119	-0.686698	18.9497
110	1	158	0	2	3	0.0014843	-0.41727	13.88
110	1	159	0	2	3	0.00281973	-0.510872	15.7569




