##
#  file: DCDriftParam_20201221	
#  date: 2020.12.21
#  note: SDC1 plane ID is reversed for E03 setup
# 
#
#######################################################################
# Id	WireId	Type	NParam	p0	p1	...
### SDC1
1	0	6	6	0.0000e+00	-7.9167e-02	1.3945e-02	-4.2342e-04	5.0716e-06	-2.1664e-08
2	0	6	6	0.0000e+00	1.6787e-02	9.2562e-03	-3.4719e-04	4.6651e-06	-2.1669e-08
3	0	6	6	0.0000e+00	-2.7867e-02	1.1893e-02	-4.0374e-04	5.1826e-06	-2.3366e-08
4	0	6	6	0.0000e+00	-2.6717e-03	1.0425e-02	-3.7343e-04	4.9235e-06	-2.2611e-08
5	0	6	6	0.0000e+00	-4.0814e-03	1.0482e-02	-3.7281e-04	4.8896e-06	-2.2354e-08
6	0	6	6	0.0000e+00	3.1436e-02	8.2017e-03	-3.1981e-04	4.3570e-06	-2.0392e-08
### SDC2
7	0	6	6	0.0000e+00	4.0455e-02	8.6180e-04	-1.4422e-05	7.6003e-08	-1.3721e-10
8	0	6	6	0.0000e+00	4.5706e-02 	6.7770e-04 	-1.2380e-05 	6.6606e-08 	-1.2162e-10
9	0	6	6	0.0000e+00	5.2250e-02 	5.1151e-04 	-1.0656e-05 	5.8309e-08 	-1.0652e-10
10	0	6	6	0.0000e+00	4.8403e-02 	6.0402e-04 	-1.0988e-05	5.5166e-08	-9.1974e-11
### SDC3
31	0	6	6	0.0000e+00	-1.2159e-02	3.1480e-03	-4.6934e-05	2.6181e-07	-5.1000e-10
32	0	6	6	0.0000e+00	2.0590e-03 	3.3128e-03 	-5.7385e-05 	3.6686e-07 	-8.2334e-10
33	0	6	6	0.0000e+00	4.1787e-03 	3.2383e-03 	-5.6357e-05 	3.6059e-07 	-8.0918e-10
34	0	6	6	0.0000e+00	-7.6899e-03 	3.1016e-03 	-4.7659e-05 	2.7325e-07 	-5.4909e-10
### SDC4
35	0	6	6	0.0000e+00	4.1403e-02 	4.5038e-04 	-5.1157e-06 	2.7101e-08	-5.9952e-11
36	0	6	6	0.0000e+00	4.5038e-02 	3.5743e-04 	-4.4687e-06 	2.5571e-08 	-5.9145e-11
37	0	6	6	0.0000e+00	6.2197e-02 	-1.8586e-05 	-1.0198e-06 	1.0547e-08 	-3.4058e-11
38	0	6	6	0.0000e+00	5.3116e-02 	2.2396e-04 	-2.9438e-06     1.6487e-08 	-4.0135e-11
### BC3
113	0	6	6	0.0000e+00	2.0539e-02	2.0882e-03	9.4617e-06	-3.0018e-06	4.2040e-08
114	0	6	6	0.0000e+00	2.1429e-02	-4.1710e-04	2.3729e-04	-1.0404e-05	1.2647e-07
115	0	6	6	0.0000e+00	3.9356e-02	-4.6167e-03	5.7355e-04	-2.1453e-05	2.5432e-07
116	0	6	6	0.0000e+00	3.8952e-02	-5.1459e-03	5.8024e-04	-2.0269e-05	2.2671e-07
117	0	6	6	0.0000e+00	4.6238e-02	-5.7117e-03	6.7693e-04	-2.5629e-05	3.1103e-07
118	0	6	6	0.0000e+00	2.1952e-02	-1.6438e-03	1.7853e-04	-3.0203e-06	-1.3009e-08
### BC4
119	0	6	6	0.0000e+00	3.5594e-02	-3.7129e-03	4.9131e-04	-1.8247e-05	2.1027e-07
120	0	6	6	0.0000e+00	1.8019e-02	-1.4365e-03	2.3074e-04	-6.6279e-06	4.6926e-08
121	0	6	6	0.0000e+00	3.7414e-02	-5.2554e-03	5.7013e-04	-1.9032e-05	2.0234e-07
122	0	6	6	0.0000e+00	1.8844e-02	-1.6938e-03	2.4292e-04	-6.7797e-06	4.6802e-08
123	0	6	6	0.0000e+00	6.9216e-03	4.4988e-04	1.9310e-04	-8.6460e-06	1.0071e-07
124	0	6	6	0.0000e+00	6.4346e-04	7.8711e-04	1.1010e-04	-4.0193e-06	3.0907e-08
