##
#  file: DCTdcCalib_03085_BcOut
#  date: 2020.12.16
#  note: p0 is tuned by eye check
#
#
#######################################################################
# Id	WireId	p1	p0
#
### BC3-X1
#
113	1	0.833	-448
113	2	0.833	-448
113	3	0.833	-448
113	4	0.833	-448
113	5	0.833	-448
113	6	0.833	-448
113	7	0.833	-448
113	8	0.833	-448
113	9	0.833	-448
113	10	0.833	-448
113	11	0.833	-448
113	12	0.833	-448
113	13	0.833	-448
113	14	0.833	-448
113	15	0.833	-448
113	16	0.833	-448
113	17	0.833	-448
113	18	0.833	-448
113	19	0.833	-448
113	20	0.833	-448
113	21	0.833	-448
113	22	0.833	-448
113	23	0.833	-448
113	24	0.833	-448
113	25	0.833	-448
113	26	0.833	-448
113	27	0.833	-448
113	28	0.833	-448
113	29	0.833	-448
113	30	0.833	-448
113	31	0.833	-448
113	32	0.833	-448
113	33	0.833	-448
113	34	0.833	-448
113	35	0.833	-448
113	36	0.833	-448
113	37	0.833	-448
113	38	0.833	-448
113	39	0.833	-448
113	40	0.833	-448
113	41	0.833	-448
113	42	0.833	-448
113	43	0.833	-448
113	44	0.833	-448
113	45	0.833	-448
113	46	0.833	-448
113	47	0.833	-448
113	48	0.833	-448
113	49	0.833	-448
113	50	0.833	-448
113	51	0.833	-448
113	52	0.833	-448
113	53	0.833	-448
113	54	0.833	-448
113	55	0.833	-448
113	56	0.833	-448
113	57	0.833	-448
113	58	0.833	-448
113	59	0.833	-448
113	60	0.833	-448
113	61	0.833	-448
113	62	0.833	-448
113	63	0.833	-448
113	64	0.833	-448
### BC3-X2
#
114	1	0.833	-448
114	2	0.833	-448
114	3	0.833	-448
114	4	0.833	-448
114	5	0.833	-448
114	6	0.833	-448
114	7	0.833	-448
114	8	0.833	-448
114	9	0.833	-448
114	10	0.833	-448
114	11	0.833	-448
114	12	0.833	-448
114	13	0.833	-448
114	14	0.833	-448
114	15	0.833	-448
114	16	0.833	-448
114	17	0.833	-448
114	18	0.833	-448
114	19	0.833	-448
114	20	0.833	-448
114	21	0.833	-448
114	22	0.833	-448
114	23	0.833	-448
114	24	0.833	-448
114	25	0.833	-448
114	26	0.833	-448
114	27	0.833	-448
114	28	0.833	-448
114	29	0.833	-448
114	30	0.833	-448
114	31	0.833	-448
114	32	0.833	-448
114	33	0.833	-448
114	34	0.833	-448
114	35	0.833	-448
114	36	0.833	-448
114	37	0.833	-448
114	38	0.833	-448
114	39	0.833	-448
114	40	0.833	-448
114	41	0.833	-448
114	42	0.833	-448
114	43	0.833	-448
114	44	0.833	-448
114	45	0.833	-448
114	46	0.833	-448
114	47	0.833	-448
114	48	0.833	-448
114	49	0.833	-448
114	50	0.833	-448
114	51	0.833	-448
114	52	0.833	-448
114	53	0.833	-448
114	54	0.833	-448
114	55	0.833	-448
114	56	0.833	-448
114	57	0.833	-448
114	58	0.833	-448
114	59	0.833	-448
114	60	0.833	-448
114	61	0.833	-448
114	62	0.833	-448
114	63	0.833	-448
114	64	0.833	-448
### BC3-U1
#
115	1	0.833	-448
115	2	0.833	-448
115	3	0.833	-448
115	4	0.833	-448
115	5	0.833	-448
115	6	0.833	-448
115	7	0.833	-448
115	8	0.833	-448
115	9	0.833	-448
115	10	0.833	-448
115	11	0.833	-448
115	12	0.833	-448
115	13	0.833	-448
115	14	0.833	-448
115	15	0.833	-448
115	16	0.833	-448
115	17	0.833	-448
115	18	0.833	-448
115	19	0.833	-448
115	20	0.833	-448
115	21	0.833	-448
115	22	0.833	-448
115	23	0.833	-448
115	24	0.833	-448
115	25	0.833	-448
115	26	0.833	-448
115	27	0.833	-448
115	28	0.833	-448
115	29	0.833	-448
115	30	0.833	-448
115	31	0.833	-448
115	32	0.833	-448
115	33	0.833	-448
115	34	0.833	-448
115	35	0.833	-448
115	36	0.833	-448
115	37	0.833	-448
115	38	0.833	-448
115	39	0.833	-448
115	40	0.833	-448
115	41	0.833	-448
115	42	0.833	-448
115	43	0.833	-448
115	44	0.833	-448
115	45	0.833	-448
115	46	0.833	-448
115	47	0.833	-448
115	48	0.833	-448
115	49	0.833	-448
115	50	0.833	-448
115	51	0.833	-448
115	52	0.833	-448
115	53	0.833	-448
115	54	0.833	-448
115	55	0.833	-448
115	56	0.833	-448
115	57	0.833	-448
115	58	0.833	-448
115	59	0.833	-448
115	60	0.833	-448
115	61	0.833	-448
115	62	0.833	-448
115	63	0.833	-448
115	64	0.833	-448
### BC3-U2
#
116	1	0.833	-448
116	2	0.833	-448
116	3	0.833	-448
116	4	0.833	-448
116	5	0.833	-448
116	6	0.833	-448
116	7	0.833	-448
116	8	0.833	-448
116	9	0.833	-448
116	10	0.833	-448
116	11	0.833	-448
116	12	0.833	-448
116	13	0.833	-448
116	14	0.833	-448
116	15	0.833	-448
116	16	0.833	-448
116	17	0.833	-448
116	18	0.833	-448
116	19	0.833	-448
116	20	0.833	-448
116	21	0.833	-448
116	22	0.833	-448
116	23	0.833	-448
116	24	0.833	-448
116	25	0.833	-448
116	26	0.833	-448
116	27	0.833	-448
116	28	0.833	-448
116	29	0.833	-448
116	30	0.833	-448
116	31	0.833	-448
116	32	0.833	-448
116	33	0.833	-448
116	34	0.833	-448
116	35	0.833	-448
116	36	0.833	-448
116	37	0.833	-448
116	38	0.833	-448
116	39	0.833	-448
116	40	0.833	-448
116	41	0.833	-448
116	42	0.833	-448
116	43	0.833	-448
116	44	0.833	-448
116	45	0.833	-448
116	46	0.833	-448
116	47	0.833	-448
116	48	0.833	-448
116	49	0.833	-448
116	50	0.833	-448
116	51	0.833	-448
116	52	0.833	-448
116	53	0.833	-448
116	54	0.833	-448
116	55	0.833	-448
116	56	0.833	-448
116	57	0.833	-448
116	58	0.833	-448
116	59	0.833	-448
116	60	0.833	-448
116	61	0.833	-448
116	62	0.833	-448
116	63	0.833	-448
116	64	0.833	-448
### BC3-V1
#
117	1	0.833	-448
117	2	0.833	-448
117	3	0.833	-448
117	4	0.833	-448
117	5	0.833	-448
117	6	0.833	-448
117	7	0.833	-448
117	8	0.833	-448
117	9	0.833	-448
117	10	0.833	-448
117	11	0.833	-448
117	12	0.833	-448
117	13	0.833	-448
117	14	0.833	-448
117	15	0.833	-448
117	16	0.833	-448
117	17	0.833	-448
117	18	0.833	-448
117	19	0.833	-448
117	20	0.833	-448
117	21	0.833	-448
117	22	0.833	-448
117	23	0.833	-448
117	24	0.833	-448
117	25	0.833	-448
117	26	0.833	-448
117	27	0.833	-448
117	28	0.833	-448
117	29	0.833	-448
117	30	0.833	-448
117	31	0.833	-448
117	32	0.833	-448
117	33	0.833	-448
117	34	0.833	-448
117	35	0.833	-448
117	36	0.833	-448
117	37	0.833	-448
117	38	0.833	-448
117	39	0.833	-448
117	40	0.833	-448
117	41	0.833	-448
117	42	0.833	-448
117	43	0.833	-448
117	44	0.833	-448
117	45	0.833	-448
117	46	0.833	-448
117	47	0.833	-448
117	48	0.833	-448
117	49	0.833	-448
117	50	0.833	-448
117	51	0.833	-448
117	52	0.833	-448
117	53	0.833	-448
117	54	0.833	-448
117	55	0.833	-448
117	56	0.833	-448
117	57	0.833	-448
117	58	0.833	-448
117	59	0.833	-448
117	60	0.833	-448
117	61	0.833	-448
117	62	0.833	-448
117	63	0.833	-448
117	64	0.833	-448
### BC3-V2
#
118	1	0.833	-448
118	2	0.833	-448
118	3	0.833	-448
118	4	0.833	-448
118	5	0.833	-448
118	6	0.833	-448
118	7	0.833	-448
118	8	0.833	-448
118	9	0.833	-448
118	10	0.833	-448
118	11	0.833	-448
118	12	0.833	-448
118	13	0.833	-448
118	14	0.833	-448
118	15	0.833	-448
118	16	0.833	-448
118	17	0.833	-448
118	18	0.833	-448
118	19	0.833	-448
118	20	0.833	-448
118	21	0.833	-448
118	22	0.833	-448
118	23	0.833	-448
118	24	0.833	-448
118	25	0.833	-448
118	26	0.833	-448
118	27	0.833	-448
118	28	0.833	-448
118	29	0.833	-448
118	30	0.833	-448
118	31	0.833	-448
118	32	0.833	-448
118	33	0.833	-448
118	34	0.833	-448
118	35	0.833	-448
118	36	0.833	-448
118	37	0.833	-448
118	38	0.833	-448
118	39	0.833	-448
118	40	0.833	-448
118	41	0.833	-448
118	42	0.833	-448
118	43	0.833	-448
118	44	0.833	-448
118	45	0.833	-448
118	46	0.833	-448
118	47	0.833	-448
118	48	0.833	-448
118	49	0.833	-448
118	50	0.833	-448
118	51	0.833	-448
118	52	0.833	-448
118	53	0.833	-448
118	54	0.833	-448
118	55	0.833	-448
118	56	0.833	-448
118	57	0.833	-448
118	58	0.833	-448
118	59	0.833	-448
118	60	0.833	-448
118	61	0.833	-448
118	62	0.833	-448
118	63	0.833	-448
118	64	0.833	-448
### BC4-U1
#
119	1	0.833	-448
119	2	0.833	-448
119	3	0.833	-448
119	4	0.833	-448
119	5	0.833	-448
119	6	0.833	-448
119	7	0.833	-448
119	8	0.833	-448
119	9	0.833	-448
119	10	0.833	-448
119	11	0.833	-448
119	12	0.833	-448
119	13	0.833	-448
119	14	0.833	-448
119	15	0.833	-448
119	16	0.833	-448
119	17	0.833	-448
119	18	0.833	-448
119	19	0.833	-448
119	20	0.833	-448
119	21	0.833	-448
119	22	0.833	-448
119	23	0.833	-448
119	24	0.833	-448
119	25	0.833	-448
119	26	0.833	-448
119	27	0.833	-448
119	28	0.833	-448
119	29	0.833	-448
119	30	0.833	-448
119	31	0.833	-448
119	32	0.833	-448
119	33	0.833	-448
119	34	0.833	-448
119	35	0.833	-448
119	36	0.833	-448
119	37	0.833	-448
119	38	0.833	-448
119	39	0.833	-448
119	40	0.833	-448
119	41	0.833	-448
119	42	0.833	-448
119	43	0.833	-448
119	44	0.833	-448
119	45	0.833	-448
119	46	0.833	-448
119	47	0.833	-448
119	48	0.833	-448
119	49	0.833	-448
119	50	0.833	-448
119	51	0.833	-448
119	52	0.833	-448
119	53	0.833	-448
119	54	0.833	-448
119	55	0.833	-448
119	56	0.833	-448
119	57	0.833	-448
119	58	0.833	-448
119	59	0.833	-448
119	60	0.833	-448
119	61	0.833	-448
119	62	0.833	-448
119	63	0.833	-448
119	64	0.833	-448
### BC4-U2
#
120	1	0.833	-448
120	2	0.833	-448
120	3	0.833	-448
120	4	0.833	-448
120	5	0.833	-448
120	6	0.833	-448
120	7	0.833	-448
120	8	0.833	-448
120	9	0.833	-448
120	10	0.833	-448
120	11	0.833	-448
120	12	0.833	-448
120	13	0.833	-448
120	14	0.833	-448
120	15	0.833	-448
120	16	0.833	-448
120	17	0.833	-448
120	18	0.833	-448
120	19	0.833	-448
120	20	0.833	-448
120	21	0.833	-448
120	22	0.833	-448
120	23	0.833	-448
120	24	0.833	-448
120	25	0.833	-448
120	26	0.833	-448
120	27	0.833	-448
120	28	0.833	-448
120	29	0.833	-448
120	30	0.833	-448
120	31	0.833	-448
120	32	0.833	-448
120	33	0.833	-448
120	34	0.833	-448
120	35	0.833	-448
120	36	0.833	-448
120	37	0.833	-448
120	38	0.833	-448
120	39	0.833	-448
120	40	0.833	-448
120	41	0.833	-448
120	42	0.833	-448
120	43	0.833	-448
120	44	0.833	-448
120	45	0.833	-448
120	46	0.833	-448
120	47	0.833	-448
120	48	0.833	-448
120	49	0.833	-448
120	50	0.833	-448
120	51	0.833	-448
120	52	0.833	-448
120	53	0.833	-448
120	54	0.833	-448
120	55	0.833	-448
120	56	0.833	-448
120	57	0.833	-448
120	58	0.833	-448
120	59	0.833	-448
120	60	0.833	-448
120	61	0.833	-448
120	62	0.833	-448
120	63	0.833	-448
120	64	0.833	-448
### BC4-V1
#
121	1	0.833	-448
121	2	0.833	-448
121	3	0.833	-448
121	4	0.833	-448
121	5	0.833	-448
121	6	0.833	-448
121	7	0.833	-448
121	8	0.833	-448
121	9	0.833	-448
121	10	0.833	-448
121	11	0.833	-448
121	12	0.833	-448
121	13	0.833	-448
121	14	0.833	-448
121	15	0.833	-448
121	16	0.833	-448
121	17	0.833	-448
121	18	0.833	-448
121	19	0.833	-448
121	20	0.833	-448
121	21	0.833	-448
121	22	0.833	-448
121	23	0.833	-448
121	24	0.833	-448
121	25	0.833	-448
121	26	0.833	-448
121	27	0.833	-448
121	28	0.833	-448
121	29	0.833	-448
121	30	0.833	-448
121	31	0.833	-448
121	32	0.833	-448
121	33	0.833	-448
121	34	0.833	-448
121	35	0.833	-448
121	36	0.833	-448
121	37	0.833	-448
121	38	0.833	-448
121	39	0.833	-448
121	40	0.833	-448
121	41	0.833	-448
121	42	0.833	-448
121	43	0.833	-448
121	44	0.833	-448
121	45	0.833	-448
121	46	0.833	-448
121	47	0.833	-448
121	48	0.833	-448
121	49	0.833	-448
121	50	0.833	-448
121	51	0.833	-448
121	52	0.833	-448
121	53	0.833	-448
121	54	0.833	-448
121	55	0.833	-448
121	56	0.833	-448
121	57	0.833	-448
121	58	0.833	-448
121	59	0.833	-448
121	60	0.833	-448
121	61	0.833	-448
121	62	0.833	-448
121	63	0.833	-448
121	64	0.833	-448
### BC4-V2
#
122	1	0.833	-448
122	2	0.833	-448
122	3	0.833	-448
122	4	0.833	-448
122	5	0.833	-448
122	6	0.833	-448
122	7	0.833	-448
122	8	0.833	-448
122	9	0.833	-448
122	10	0.833	-448
122	11	0.833	-448
122	12	0.833	-448
122	13	0.833	-448
122	14	0.833	-448
122	15	0.833	-448
122	16	0.833	-448
122	17	0.833	-448
122	18	0.833	-448
122	19	0.833	-448
122	20	0.833	-448
122	21	0.833	-448
122	22	0.833	-448
122	23	0.833	-448
122	24	0.833	-448
122	25	0.833	-448
122	26	0.833	-448
122	27	0.833	-448
122	28	0.833	-448
122	29	0.833	-448
122	30	0.833	-448
122	31	0.833	-448
122	32	0.833	-448
122	33	0.833	-448
122	34	0.833	-448
122	35	0.833	-448
122	36	0.833	-448
122	37	0.833	-448
122	38	0.833	-448
122	39	0.833	-448
122	40	0.833	-448
122	41	0.833	-448
122	42	0.833	-448
122	43	0.833	-448
122	44	0.833	-448
122	45	0.833	-448
122	46	0.833	-448
122	47	0.833	-448
122	48	0.833	-448
122	49	0.833	-448
122	50	0.833	-448
122	51	0.833	-448
122	52	0.833	-448
122	53	0.833	-448
122	54	0.833	-448
122	55	0.833	-448
122	56	0.833	-448
122	57	0.833	-448
122	58	0.833	-448
122	59	0.833	-448
122	60	0.833	-448
122	61	0.833	-448
122	62	0.833	-448
122	63	0.833	-448
122	64	0.833	-448
### BC4-X1
#
123	1	0.833	-448
123	2	0.833	-448
123	3	0.833	-448
123	4	0.833	-448
123	5	0.833	-448
123	6	0.833	-448
123	7	0.833	-448
123	8	0.833	-448
123	9	0.833	-448
123	10	0.833	-448
123	11	0.833	-448
123	12	0.833	-448
123	13	0.833	-448
123	14	0.833	-448
123	15	0.833	-448
123	16	0.833	-448
123	17	0.833	-448
123	18	0.833	-448
123	19	0.833	-448
123	20	0.833	-448
123	21	0.833	-448
123	22	0.833	-448
123	23	0.833	-448
123	24	0.833	-448
123	25	0.833	-448
123	26	0.833	-448
123	27	0.833	-448
123	28	0.833	-448
123	29	0.833	-448
123	30	0.833	-448
123	31	0.833	-448
123	32	0.833	-448
123	33	0.833	-448
123	34	0.833	-448
123	35	0.833	-448
123	36	0.833	-448
123	37	0.833	-448
123	38	0.833	-448
123	39	0.833	-448
123	40	0.833	-448
123	41	0.833	-448
123	42	0.833	-448
123	43	0.833	-448
123	44	0.833	-448
123	45	0.833	-448
123	46	0.833	-448
123	47	0.833	-448
123	48	0.833	-448
123	49	0.833	-448
123	50	0.833	-448
123	51	0.833	-448
123	52	0.833	-448
123	53	0.833	-448
123	54	0.833	-448
123	55	0.833	-448
123	56	0.833	-448
123	57	0.833	-448
123	58	0.833	-448
123	59	0.833	-448
123	60	0.833	-448
123	61	0.833	-448
123	62	0.833	-448
123	63	0.833	-448
123	64	0.833	-448
### BC4-X2
#
124	1	0.833	-448
124	2	0.833	-448
124	3	0.833	-448
124	4	0.833	-448
124	5	0.833	-448
124	6	0.833	-448
124	7	0.833	-448
124	8	0.833	-448
124	9	0.833	-448
124	10	0.833	-448
124	11	0.833	-448
124	12	0.833	-448
124	13	0.833	-448
124	14	0.833	-448
124	15	0.833	-448
124	16	0.833	-448
124	17	0.833	-448
124	18	0.833	-448
124	19	0.833	-448
124	20	0.833	-448
124	21	0.833	-448
124	22	0.833	-448
124	23	0.833	-448
124	24	0.833	-448
124	25	0.833	-448
124	26	0.833	-448
124	27	0.833	-448
124	28	0.833	-448
124	29	0.833	-448
124	30	0.833	-448
124	31	0.833	-448
124	32	0.833	-448
124	33	0.833	-448
124	34	0.833	-448
124	35	0.833	-448
124	36	0.833	-448
124	37	0.833	-448
124	38	0.833	-448
124	39	0.833	-448
124	40	0.833	-448
124	41	0.833	-448
124	42	0.833	-448
124	43	0.833	-448
124	44	0.833	-448
124	45	0.833	-448
124	46	0.833	-448
124	47	0.833	-448
124	48	0.833	-448
124	49	0.833	-448
124	50	0.833	-448
124	51	0.833	-448
124	52	0.833	-448
124	53	0.833	-448
124	54	0.833	-448
124	55	0.833	-448
124	56	0.833	-448
124	57	0.833	-448
124	58	0.833	-448
124	59	0.833	-448
124	60	0.833	-448
124	61	0.833	-448
124	62	0.833	-448
124	63	0.833	-448
124	64	0.833	-448
### SDC1-U2
#
1	1	0.833	-425
1	2	0.833	-425
1	3	0.833	-425
1	4	0.833	-425
1	5	0.833	-425
1	6	0.833	-425
1	7	0.833	-425
1	8	0.833	-425
1	9	0.833	-425
1	10	0.833	-425
1	11	0.833	-425
1	12	0.833	-425
1	13	0.833	-425
1	14	0.833	-425
1	15	0.833	-425
1	16	0.833	-425
1	17	0.833	-425
1	18	0.833	-425
1	19	0.833	-425
1	20	0.833	-425
1	21	0.833	-425
1	22	0.833	-425
1	23	0.833	-425
1	24	0.833	-425
1	25	0.833	-425
1	26	0.833	-425
1	27	0.833	-425
1	28	0.833	-425
1	29	0.833	-425
1	30	0.833	-425
1	31	0.833	-425
1	32	0.833	-425
1	33	0.833	-425
1	34	0.833	-425
1	35	0.833	-425
1	36	0.833	-425
1	37	0.833	-425
1	38	0.833	-425
1	39	0.833	-425
1	40	0.833	-425
1	41	0.833	-425
1	42	0.833	-425
1	43	0.833	-425
1	44	0.833	-425
1	45	0.833	-425
1	46	0.833	-425
1	47	0.833	-425
1	48	0.833	-425
1	49	0.833	-425
1	50	0.833	-425
1	51	0.833	-425
1	52	0.833	-425
1	53	0.833	-425
1	54	0.833	-425
1	55	0.833	-425
1	56	0.833	-425
1	57	0.833	-425
1	58	0.833	-425
1	59	0.833	-425
1	60	0.833	-425
1	61	0.833	-425
1	62	0.833	-425
1	63	0.833	-425
1	64	0.833	-425
### SDC1-U1		  
#			  
2	1	0.833	-425
2	2	0.833	-425
2	3	0.833	-425
2	4	0.833	-425
2	5	0.833	-425
2	6	0.833	-425
2	7	0.833	-425
2	8	0.833	-425
2	9	0.833	-425
2	10	0.833	-425
2	11	0.833	-425
2	12	0.833	-425
2	13	0.833	-425
2	14	0.833	-425
2	15	0.833	-425
2	16	0.833	-425
2	17	0.833	-425
2	18	0.833	-425
2	19	0.833	-425
2	20	0.833	-425
2	21	0.833	-425
2	22	0.833	-425
2	23	0.833	-425
2	24	0.833	-425
2	25	0.833	-425
2	26	0.833	-425
2	27	0.833	-425
2	28	0.833	-425
2	29	0.833	-425
2	30	0.833	-425
2	31	0.833	-425
2	32	0.833	-425
2	33	0.833	-425
2	34	0.833	-425
2	35	0.833	-425
2	36	0.833	-425
2	37	0.833	-425
2	38	0.833	-425
2	39	0.833	-425
2	40	0.833	-425
2	41	0.833	-425
2	42	0.833	-425
2	43	0.833	-425
2	44	0.833	-425
2	45	0.833	-425
2	46	0.833	-425
2	47	0.833	-425
2	48	0.833	-425
2	49	0.833	-425
2	50	0.833	-425
2	51	0.833	-425
2	52	0.833	-425
2	53	0.833	-425
2	54	0.833	-425
2	55	0.833	-425
2	56	0.833	-425
2	57	0.833	-425
2	58	0.833	-425
2	59	0.833	-425
2	60	0.833	-425
2	61	0.833	-425
2	62	0.833	-425
2	63	0.833	-425
2	64	0.833	-425
### SDC1-X2		  
#			  
3	1	0.833	-425
3	2	0.833	-425
3	3	0.833	-425
3	4	0.833	-425
3	5	0.833	-425
3	6	0.833	-425
3	7	0.833	-425
3	8	0.833	-425
3	9	0.833	-425
3	10	0.833	-425
3	11	0.833	-425
3	12	0.833	-425
3	13	0.833	-425
3	14	0.833	-425
3	15	0.833	-425
3	16	0.833	-425
3	17	0.833	-425
3	18	0.833	-425
3	19	0.833	-425
3	20	0.833	-425
3	21	0.833	-425
3	22	0.833	-425
3	23	0.833	-425
3	24	0.833	-425
3	25	0.833	-425
3	26	0.833	-425
3	27	0.833	-425
3	28	0.833	-425
3	29	0.833	-425
3	30	0.833	-425
3	31	0.833	-425
3	32	0.833	-425
3	33	0.833	-425
3	34	0.833	-425
3	35	0.833	-425
3	36	0.833	-425
3	37	0.833	-425
3	38	0.833	-425
3	39	0.833	-425
3	40	0.833	-425
3	41	0.833	-425
3	42	0.833	-425
3	43	0.833	-425
3	44	0.833	-425
3	45	0.833	-425
3	46	0.833	-425
3	47	0.833	-425
3	48	0.833	-425
3	49	0.833	-425
3	50	0.833	-425
3	51	0.833	-425
3	52	0.833	-425
3	53	0.833	-425
3	54	0.833	-425
3	55	0.833	-425
3	56	0.833	-425
3	57	0.833	-425
3	58	0.833	-425
3	59	0.833	-425
3	60	0.833	-425
3	61	0.833	-425
3	62	0.833	-425
3	63	0.833	-425
3	64	0.833	-425
### SDC1-X1		  
#			  
4	1	0.833	-425
4	2	0.833	-425
4	3	0.833	-425
4	4	0.833	-425
4	5	0.833	-425
4	6	0.833	-425
4	7	0.833	-425
4	8	0.833	-425
4	9	0.833	-425
4	10	0.833	-425
4	11	0.833	-425
4	12	0.833	-425
4	13	0.833	-425
4	14	0.833	-425
4	15	0.833	-425
4	16	0.833	-425
4	17	0.833	-425
4	18	0.833	-425
4	19	0.833	-425
4	20	0.833	-425
4	21	0.833	-425
4	22	0.833	-425
4	23	0.833	-425
4	24	0.833	-425
4	25	0.833	-425
4	26	0.833	-425
4	27	0.833	-425
4	28	0.833	-425
4	29	0.833	-425
4	30	0.833	-425
4	31	0.833	-425
4	32	0.833	-425
4	33	0.833	-425
4	34	0.833	-425
4	35	0.833	-425
4	36	0.833	-425
4	37	0.833	-425
4	38	0.833	-425
4	39	0.833	-425
4	40	0.833	-425
4	41	0.833	-425
4	42	0.833	-425
4	43	0.833	-425
4	44	0.833	-425
4	45	0.833	-425
4	46	0.833	-425
4	47	0.833	-425
4	48	0.833	-425
4	49	0.833	-425
4	50	0.833	-425
4	51	0.833	-425
4	52	0.833	-425
4	53	0.833	-425
4	54	0.833	-425
4	55	0.833	-425
4	56	0.833	-425
4	57	0.833	-425
4	58	0.833	-425
4	59	0.833	-425
4	60	0.833	-425
4	61	0.833	-425
4	62	0.833	-425
4	63	0.833	-425
4	64	0.833	-425
### SDC1-V2		  
#			  
5	1	0.833	-425
5	2	0.833	-425
5	3	0.833	-425
5	4	0.833	-425
5	5	0.833	-425
5	6	0.833	-425
5	7	0.833	-425
5	8	0.833	-425
5	9	0.833	-425
5	10	0.833	-425
5	11	0.833	-425
5	12	0.833	-425
5	13	0.833	-425
5	14	0.833	-425
5	15	0.833	-425
5	16	0.833	-425
5	17	0.833	-425
5	18	0.833	-425
5	19	0.833	-425
5	20	0.833	-425
5	21	0.833	-425
5	22	0.833	-425
5	23	0.833	-425
5	24	0.833	-425
5	25	0.833	-425
5	26	0.833	-425
5	27	0.833	-425
5	28	0.833	-425
5	29	0.833	-425
5	30	0.833	-425
5	31	0.833	-425
5	32	0.833	-425
5	33	0.833	-425
5	34	0.833	-425
5	35	0.833	-425
5	36	0.833	-425
5	37	0.833	-425
5	38	0.833	-425
5	39	0.833	-425
5	40	0.833	-425
5	41	0.833	-425
5	42	0.833	-425
5	43	0.833	-425
5	44	0.833	-425
5	45	0.833	-425
5	46	0.833	-425
5	47	0.833	-425
5	48	0.833	-425
5	49	0.833	-425
5	50	0.833	-425
5	51	0.833	-425
5	52	0.833	-425
5	53	0.833	-425
5	54	0.833	-425
5	55	0.833	-425
5	56	0.833	-425
5	57	0.833	-425
5	58	0.833	-425
5	59	0.833	-425
5	60	0.833	-425
5	61	0.833	-425
5	62	0.833	-425
5	63	0.833	-425
5	64	0.833	-425
### SDC1-V1		  
#			  
6	1	0.833	-425
6	2	0.833	-425
6	3	0.833	-425
6	4	0.833	-425
6	5	0.833	-425
6	6	0.833	-425
6	7	0.833	-425
6	8	0.833	-425
6	9	0.833	-425
6	10	0.833	-425
6	11	0.833	-425
6	12	0.833	-425
6	13	0.833	-425
6	14	0.833	-425
6	15	0.833	-425
6	16	0.833	-425
6	17	0.833	-425
6	18	0.833	-425
6	19	0.833	-425
6	20	0.833	-425
6	21	0.833	-425
6	22	0.833	-425
6	23	0.833	-425
6	24	0.833	-425
6	25	0.833	-425
6	26	0.833	-425
6	27	0.833	-425
6	28	0.833	-425
6	29	0.833	-425
6	30	0.833	-425
6	31	0.833	-425
6	32	0.833	-425
6	33	0.833	-425
6	34	0.833	-425
6	35	0.833	-425
6	36	0.833	-425
6	37	0.833	-425
6	38	0.833	-425
6	39	0.833	-425
6	40	0.833	-425
6	41	0.833	-425
6	42	0.833	-425
6	43	0.833	-425
6	44	0.833	-425
6	45	0.833	-425
6	46	0.833	-425
6	47	0.833	-425
6	48	0.833	-425
6	49	0.833	-425
6	50	0.833	-425
6	51	0.833	-425
6	52	0.833	-425
6	53	0.833	-425
6	54	0.833	-425
6	55	0.833	-425
6	56	0.833	-425
6	57	0.833	-425
6	58	0.833	-425
6	59	0.833	-425
6	60	0.833	-425
6	61	0.833	-425
6	62	0.833	-425
6	63	0.833	-425
6	64	0.833	-425
### SDC2-X1
#
7	1	0.833	-450
7	2	0.833	-450
7	3	0.833	-450
7	4	0.833	-450
7	5	0.833	-450
7	6	0.833	-450
7	7	0.833	-450
7	8	0.833	-450
7	9	0.833	-450
7	10	0.833	-450
7	11	0.833	-450
7	12	0.833	-450
7	13	0.833	-450
7	14	0.833	-450
7	15	0.833	-450
7	16	0.833	-450
7	17	0.833	-450
7	18	0.833	-450
7	19	0.833	-450
7	20	0.833	-450
7	21	0.833	-450
7	22	0.833	-450
7	23	0.833	-450
7	24	0.833	-450
7	25	0.833	-450
7	26	0.833	-450
7	27	0.833	-450
7	28	0.833	-450
7	29	0.833	-450
7	30	0.833	-450
7	31	0.833	-450
7	32	0.833	-450
7	33	0.833	-450
7	34	0.833	-450
7	35	0.833	-450
7	36	0.833	-450
7	37	0.833	-450
7	38	0.833	-450
7	39	0.833	-450
7	40	0.833	-450
7	41	0.833	-450
7	42	0.833	-450
7	43	0.833	-450
7	44	0.833	-450
7	45	0.833	-450
7	46	0.833	-450
7	47	0.833	-450
7	48	0.833	-450
7	49	0.833	-450
7	50	0.833	-450
7	51	0.833	-450
7	52	0.833	-450
7	53	0.833	-450
7	54	0.833	-450
7	55	0.833	-450
7	56	0.833	-450
7	57	0.833	-450
7	58	0.833	-450
7	59	0.833	-450
7	60	0.833	-450
7	61	0.833	-450
7	62	0.833	-450
7	63	0.833	-450
7	64	0.833	-450
7	65	0.833	-450
7	66	0.833	-450
7	67	0.833	-450
7	68	0.833	-450
7	69	0.833	-450
7	70	0.833	-450
### SDC2-X2
#
8	1	0.833	-450
8	2	0.833	-450
8	3	0.833	-450
8	4	0.833	-450
8	5	0.833	-450
8	6	0.833	-450
8	7	0.833	-450
8	8	0.833	-450
8	9	0.833	-450
8	10	0.833	-450
8	11	0.833	-450
8	12	0.833	-450
8	13	0.833	-450
8	14	0.833	-450
8	15	0.833	-450
8	16	0.833	-450
8	17	0.833	-450
8	18	0.833	-450
8	19	0.833	-450
8	20	0.833	-450
8	21	0.833	-450
8	22	0.833	-450
8	23	0.833	-450
8	24	0.833	-450
8	25	0.833	-450
8	26	0.833	-450
8	27	0.833	-450
8	28	0.833	-450
8	29	0.833	-450
8	30	0.833	-450
8	31	0.833	-450
8	32	0.833	-450
8	33	0.833	-450
8	34	0.833	-450
8	35	0.833	-450
8	36	0.833	-450
8	37	0.833	-450
8	38	0.833	-450
8	39	0.833	-450
8	40	0.833	-450
8	41	0.833	-450
8	42	0.833	-450
8	43	0.833	-450
8	44	0.833	-450
8	45	0.833	-450
8	46	0.833	-450
8	47	0.833	-450
8	48	0.833	-450
8	49	0.833	-450
8	50	0.833	-450
8	51	0.833	-450
8	52	0.833	-450
8	53	0.833	-450
8	54	0.833	-450
8	55	0.833	-450
8	56	0.833	-450
8	57	0.833	-450
8	58	0.833	-450
8	59	0.833	-450
8	60	0.833	-450
8	61	0.833	-450
8	62	0.833	-450
8	63	0.833	-450
8	64	0.833	-450
8	65	0.833	-450
8	66	0.833	-450
8	67	0.833	-450
8	68	0.833	-450
8	69	0.833	-450
8	70	0.833	-450
### SDC2-Y1
#
9	1	0.833	-450
9	2	0.833	-450
9	3	0.833	-450
9	4	0.833	-450
9	5	0.833	-450
9	6	0.833	-450
9	7	0.833	-450
9	8	0.833	-450
9	9	0.833	-450
9	10	0.833	-450
9	11	0.833	-450
9	12	0.833	-450
9	13	0.833	-450
9	14	0.833	-450
9	15	0.833	-450
9	16	0.833	-450
9	17	0.833	-450
9	18	0.833	-450
9	19	0.833	-450
9	20	0.833	-450
9	21	0.833	-450
9	22	0.833	-450
9	23	0.833	-450
9	24	0.833	-450
9	25	0.833	-450
9	26	0.833	-450
9	27	0.833	-450
9	28	0.833	-450
9	29	0.833	-450
9	30	0.833	-450
9	31	0.833	-450
9	32	0.833	-450
9	33	0.833	-450
9	34	0.833	-450
9	35	0.833	-450
9	36	0.833	-450
9	37	0.833	-450
9	38	0.833	-450
9	39	0.833	-450
9	40	0.833	-450
### SDC2-Y2
#
10	1	0.833	-450
10	2	0.833	-450
10	3	0.833	-450
10	4	0.833	-450
10	5	0.833	-450
10	6	0.833	-450
10	7	0.833	-450
10	8	0.833	-450
10	9	0.833	-450
10	10	0.833	-450
10	11	0.833	-450
10	12	0.833	-450
10	13	0.833	-450
10	14	0.833	-450
10	15	0.833	-450
10	16	0.833	-450
10	17	0.833	-450
10	18	0.833	-450
10	19	0.833	-450
10	20	0.833	-450
10	21	0.833	-450
10	22	0.833	-450
10	23	0.833	-450
10	24	0.833	-450
10	25	0.833	-450
10	26	0.833	-450
10	27	0.833	-450
10	28	0.833	-450
10	29	0.833	-450
10	30	0.833	-450
10	31	0.833	-450
10	32	0.833	-450
10	33	0.833	-450
10	34	0.833	-450
10	35	0.833	-450
10	36	0.833	-450
10	37	0.833	-450
10	38	0.833	-450
10	39	0.833	-450
10	40	0.833	-450
### SDC3-X1
#
31	1	0.833	-870
31	2	0.833	-870
31	3	0.833	-870
31	4	0.833	-870
31	5	0.833	-870
31	6	0.833	-870
31	7	0.833	-870
31	8	0.833	-870
31	9	0.833	-870
31	10	0.833	-870
31	11	0.833	-870
31	12	0.833	-870
31	13	0.833	-870
31	14	0.833	-870
31	15	0.833	-870
31	16	0.833	-870
31	17	0.833	-870
31	18	0.833	-870
31	19	0.833	-870
31	20	0.833	-870
31	21	0.833	-870
31	22	0.833	-870
31	23	0.833	-870
31	24	0.833	-870
31	25	0.833	-870
31	26	0.833	-870
31	27	0.833	-870
31	28	0.833	-870
31	29	0.833	-870
31	30	0.833	-870
31	31	0.833	-870
31	32	0.833	-870
31	33	0.833	-870
31	34	0.833	-870
31	35	0.833	-870
31	36	0.833	-870
31	37	0.833	-870
31	38	0.833	-870
31	39	0.833	-870
31	40	0.833	-870
31	41	0.833	-870
31	42	0.833	-870
31	43	0.833	-870
31	44	0.833	-870
31	45	0.833	-870
31	46	0.833	-870
31	47	0.833	-870
31	48	0.833	-870
31	49	0.833	-870
31	50	0.833	-870
31	51	0.833	-870
31	52	0.833	-870
31	53	0.833	-870
31	54	0.833	-870
31	55	0.833	-870
31	56	0.833	-870
31	57	0.833	-870
31	58	0.833	-870
31	59	0.833	-870
31	60	0.833	-870
31	61	0.833	-870
31	62	0.833	-870
31	63	0.833	-870
31	64	0.833	-870
31	65	0.833	-870
31	66	0.833	-870
31	67	0.833	-870
31	68	0.833	-870
31	69	0.833	-870
31	70	0.833	-870
31	71	0.833	-870
31	72	0.833	-870
31	73	0.833	-870
31	74	0.833	-870
31	75	0.833	-870
31	76	0.833	-870
31	77	0.833	-870
31	78	0.833	-870
31	79	0.833	-870
31	80	0.833	-870
31	81	0.833	-870
31	82	0.833	-870
31	83	0.833	-870
31	84	0.833	-870
31	85	0.833	-870
31	86	0.833	-870
31	87	0.833	-870
31	88	0.833	-870
31	89	0.833	-870
31	90	0.833	-870
31	91	0.833	-870
31	92	0.833	-870
31	93	0.833	-870
31	94	0.833	-870
31	95	0.833	-870
31	96	0.833	-870
31	97	0.833	-870
31	98	0.833	-870
31	99	0.833	-870
31	100	0.833	-870
31	101	0.833	-870
31	102	0.833	-870
31	103	0.833	-870
31	104	0.833	-870
31	105	0.833	-870
31	106	0.833	-870
31	107	0.833	-870
31	108	0.833	-870
31	109	0.833	-870
31	110	0.833	-870
31	111	0.833	-870
31	112	0.833	-870
31	113	0.833	-870
31	114	0.833	-870
31	115	0.833	-870
31	116	0.833	-870
31	117	0.833	-870
31	118	0.833	-870
31	119	0.833	-870
31	120	0.833	-870
31	121	0.833	-870
31	122	0.833	-870
31	123	0.833	-870
31	124	0.833	-870
31	125	0.833	-870
31	126	0.833	-870
31	127	0.833	-870
31	128	0.833	-870
### SDC3-X2		  7
#			  7
32	1	0.833	-870
32	2	0.833	-870
32	3	0.833	-870
32	4	0.833	-870
32	5	0.833	-870
32	6	0.833	-870
32	7	0.833	-870
32	8	0.833	-870
32	9	0.833	-870
32	10	0.833	-870
32	11	0.833	-870
32	12	0.833	-870
32	13	0.833	-870
32	14	0.833	-870
32	15	0.833	-870
32	16	0.833	-870
32	17	0.833	-870
32	18	0.833	-870
32	19	0.833	-870
32	20	0.833	-870
32	21	0.833	-870
32	22	0.833	-870
32	23	0.833	-870
32	24	0.833	-870
32	25	0.833	-870
32	26	0.833	-870
32	27	0.833	-870
32	28	0.833	-870
32	29	0.833	-870
32	30	0.833	-870
32	31	0.833	-870
32	32	0.833	-870
32	33	0.833	-870
32	34	0.833	-870
32	35	0.833	-870
32	36	0.833	-870
32	37	0.833	-870
32	38	0.833	-870
32	39	0.833	-870
32	40	0.833	-870
32	41	0.833	-870
32	42	0.833	-870
32	43	0.833	-870
32	44	0.833	-870
32	45	0.833	-870
32	46	0.833	-870
32	47	0.833	-870
32	48	0.833	-870
32	49	0.833	-870
32	50	0.833	-870
32	51	0.833	-870
32	52	0.833	-870
32	53	0.833	-870
32	54	0.833	-870
32	55	0.833	-870
32	56	0.833	-870
32	57	0.833	-870
32	58	0.833	-870
32	59	0.833	-870
32	60	0.833	-870
32	61	0.833	-870
32	62	0.833	-870
32	63	0.833	-870
32	64	0.833	-870
32	65	0.833	-870
32	66	0.833	-870
32	67	0.833	-870
32	68	0.833	-870
32	69	0.833	-870
32	70	0.833	-870
32	71	0.833	-870
32	72	0.833	-870
32	73	0.833	-870
32	74	0.833	-870
32	75	0.833	-870
32	76	0.833	-870
32	77	0.833	-870
32	78	0.833	-870
32	79	0.833	-870
32	80	0.833	-870
32	81	0.833	-870
32	82	0.833	-870
32	83	0.833	-870
32	84	0.833	-870
32	85	0.833	-870
32	86	0.833	-870
32	87	0.833	-870
32	88	0.833	-870
32	89	0.833	-870
32	90	0.833	-870
32	91	0.833	-870
32	92	0.833	-870
32	93	0.833	-870
32	94	0.833	-870
32	95	0.833	-870
32	96	0.833	-870
32	97	0.833	-870
32	98	0.833	-870
32	99	0.833	-870
32	100	0.833	-870
32	101	0.833	-870
32	102	0.833	-870
32	103	0.833	-870
32	104	0.833	-870
32	105	0.833	-870
32	106	0.833	-870
32	107	0.833	-870
32	108	0.833	-870
32	109	0.833	-870
32	110	0.833	-870
32	111	0.833	-870
32	112	0.833	-870
32	113	0.833	-870
32	114	0.833	-870
32	115	0.833	-870
32	116	0.833	-870
32	117	0.833	-870
32	118	0.833	-870
32	119	0.833	-870
32	120	0.833	-870
32	121	0.833	-870
32	122	0.833	-870
32	123	0.833	-870
32	124	0.833	-870
32	125	0.833	-870
32	126	0.833	-870
32	127	0.833	-870
32	128	0.833	-870
### SDC3-Y1		  7
#			  7
33	1	0.833	-870
33	2	0.833	-870
33	3	0.833	-870
33	4	0.833	-870
33	5	0.833	-870
33	6	0.833	-870
33	7	0.833	-870
33	8	0.833	-870
33	9	0.833	-870
33	10	0.833	-870
33	11	0.833	-870
33	12	0.833	-870
33	13	0.833	-870
33	14	0.833	-870
33	15	0.833	-870
33	16	0.833	-870
33	17	0.833	-870
33	18	0.833	-870
33	19	0.833	-870
33	20	0.833	-870
33	21	0.833	-870
33	22	0.833	-870
33	23	0.833	-870
33	24	0.833	-870
33	25	0.833	-870
33	26	0.833	-870
33	27	0.833	-870
33	28	0.833	-870
33	29	0.833	-870
33	30	0.833	-870
33	31	0.833	-870
33	32	0.833	-870
33	33	0.833	-870
33	34	0.833	-870
33	35	0.833	-870
33	36	0.833	-870
33	37	0.833	-870
33	38	0.833	-870
33	39	0.833	-870
33	40	0.833	-870
33	41	0.833	-870
33	42	0.833	-870
33	43	0.833	-870
33	44	0.833	-870
33	45	0.833	-870
33	46	0.833	-870
33	47	0.833	-870
33	48	0.833	-870
33	49	0.833	-870
33	50	0.833	-870
33	51	0.833	-870
33	52	0.833	-870
33	53	0.833	-870
33	54	0.833	-870
33	55	0.833	-870
33	56	0.833	-870
33	57	0.833	-870
33	58	0.833	-870
33	59	0.833	-870
33	60	0.833	-870
33	61	0.833	-870
33	62	0.833	-870
33	63	0.833	-870
33	64	0.833	-870
33	65	0.833	-870
33	66	0.833	-870
33	67	0.833	-870
33	68	0.833	-870
33	69	0.833	-870
33	70	0.833	-870
33	71	0.833	-870
33	72	0.833	-870
33	73	0.833	-870
33	74	0.833	-870
33	75	0.833	-870
33	76	0.833	-870
33	77	0.833	-870
33	78	0.833	-870
33	79	0.833	-870
33	80	0.833	-870
33	81	0.833	-870
33	82	0.833	-870
33	83	0.833	-870
33	84	0.833	-870
33	85	0.833	-870
33	86	0.833	-870
33	87	0.833	-870
33	88	0.833	-870
33	89	0.833	-870
33	90	0.833	-870
33	91	0.833	-870
33	92	0.833	-870
33	93	0.833	-870
33	94	0.833	-870
33	95	0.833	-870
33	96	0.833	-870
33	97	0.833	-870
33	98	0.833	-870
33	99	0.833	-870
33	100	0.833	-870
33	101	0.833	-870
33	102	0.833	-870
33	103	0.833	-870
33	104	0.833	-870
33	105	0.833	-870
33	106	0.833	-870
33	107	0.833	-870
33	108	0.833	-870
33	109	0.833	-870
33	110	0.833	-870
33	111	0.833	-870
33	112	0.833	-870
33	113	0.833	-870
33	114	0.833	-870
33	115	0.833	-870
33	116	0.833	-870
33	117	0.833	-870
33	118	0.833	-870
33	119	0.833	-870
33	120	0.833	-870
33	121	0.833	-870
33	122	0.833	-870
33	123	0.833	-870
33	124	0.833	-870
33	125	0.833	-870
33	126	0.833	-870
33	127	0.833	-870
33	128	0.833	-870
### SDC3-Y2		  7
#			  7
34	1	0.833	-870
34	2	0.833	-870
34	3	0.833	-870
34	4	0.833	-870
34	5	0.833	-870
34	6	0.833	-870
34	7	0.833	-870
34	8	0.833	-870
34	9	0.833	-870
34	10	0.833	-870
34	11	0.833	-870
34	12	0.833	-870
34	13	0.833	-870
34	14	0.833	-870
34	15	0.833	-870
34	16	0.833	-870
34	17	0.833	-870
34	18	0.833	-870
34	19	0.833	-870
34	20	0.833	-870
34	21	0.833	-870
34	22	0.833	-870
34	23	0.833	-870
34	24	0.833	-870
34	25	0.833	-870
34	26	0.833	-870
34	27	0.833	-870
34	28	0.833	-870
34	29	0.833	-870
34	30	0.833	-870
34	31	0.833	-870
34	32	0.833	-870
34	33	0.833	-870
34	34	0.833	-870
34	35	0.833	-870
34	36	0.833	-870
34	37	0.833	-870
34	38	0.833	-870
34	39	0.833	-870
34	40	0.833	-870
34	41	0.833	-870
34	42	0.833	-870
34	43	0.833	-870
34	44	0.833	-870
34	45	0.833	-870
34	46	0.833	-870
34	47	0.833	-870
34	48	0.833	-870
34	49	0.833	-870
34	50	0.833	-870
34	51	0.833	-870
34	52	0.833	-870
34	53	0.833	-870
34	54	0.833	-870
34	55	0.833	-870
34	56	0.833	-870
34	57	0.833	-870
34	58	0.833	-870
34	59	0.833	-870
34	60	0.833	-870
34	61	0.833	-870
34	62	0.833	-870
34	63	0.833	-870
34	64	0.833	-870
34	65	0.833	-870
34	66	0.833	-870
34	67	0.833	-870
34	68	0.833	-870
34	69	0.833	-870
34	70	0.833	-870
34	71	0.833	-870
34	72	0.833	-870
34	73	0.833	-870
34	74	0.833	-870
34	75	0.833	-870
34	76	0.833	-870
34	77	0.833	-870
34	78	0.833	-870
34	79	0.833	-870
34	80	0.833	-870
34	81	0.833	-870
34	82	0.833	-870
34	83	0.833	-870
34	84	0.833	-870
34	85	0.833	-870
34	86	0.833	-870
34	87	0.833	-870
34	88	0.833	-870
34	89	0.833	-870
34	90	0.833	-870
34	91	0.833	-870
34	92	0.833	-870
34	93	0.833	-870
34	94	0.833	-870
34	95	0.833	-870
34	96	0.833	-870
34	97	0.833	-870
34	98	0.833	-870
34	99	0.833	-870
34	100	0.833	-870
34	101	0.833	-870
34	102	0.833	-870
34	103	0.833	-870
34	104	0.833	-870
34	105	0.833	-870
34	106	0.833	-870
34	107	0.833	-870
34	108	0.833	-870
34	109	0.833	-870
34	110	0.833	-870
34	111	0.833	-870
34	112	0.833	-870
34	113	0.833	-870
34	114	0.833	-870
34	115	0.833	-870
34	116	0.833	-870
34	117	0.833	-870
34	118	0.833	-870
34	119	0.833	-870
34	120	0.833	-870
34	121	0.833	-870
34	122	0.833	-870
34	123	0.833	-870
34	124	0.833	-870
34	125	0.833	-870
34	126	0.833	-870
34	127	0.833	-870
34	128	0.833	-870
### SDC4-Y1		  
#			  
35	1	0.833	-870
35	2	0.833	-870
35	3	0.833	-870
35	4	0.833	-870
35	5	0.833	-870
35	6	0.833	-870
35	7	0.833	-870
35	8	0.833	-870
35	9	0.833	-870
35	10	0.833	-870
35	11	0.833	-870
35	12	0.833	-870
35	13	0.833	-870
35	14	0.833	-870
35	15	0.833	-870
35	16	0.833	-870
35	17	0.833	-870
35	18	0.833	-870
35	19	0.833	-870
35	20	0.833	-870
35	21	0.833	-870
35	22	0.833	-870
35	23	0.833	-870
35	24	0.833	-870
35	25	0.833	-870
35	26	0.833	-870
35	27	0.833	-870
35	28	0.833	-870
35	29	0.833	-870
35	30	0.833	-870
35	31	0.833	-870
35	32	0.833	-870
35	33	0.833	-870
35	34	0.833	-870
35	35	0.833	-870
35	36	0.833	-870
35	37	0.833	-870
35	38	0.833	-870
35	39	0.833	-870
35	40	0.833	-870
35	41	0.833	-870
35	42	0.833	-870
35	43	0.833	-870
35	44	0.833	-870
35	45	0.833	-870
35	46	0.833	-870
35	47	0.833	-870
35	48	0.833	-870
35	49	0.833	-870
35	50	0.833	-870
35	51	0.833	-870
35	52	0.833	-870
35	53	0.833	-870
35	54	0.833	-870
35	55	0.833	-870
35	56	0.833	-870
35	57	0.833	-870
35	58	0.833	-870
35	59	0.833	-870
35	60	0.833	-870
35	61	0.833	-870
35	62	0.833	-870
35	63	0.833	-870
35	64	0.833	-870
## SDC4-Y2		  
#			  
36	1	0.833	-870
36	2	0.833	-870
36	3	0.833	-870
36	4	0.833	-870
36	5	0.833	-870
36	6	0.833	-870
36	7	0.833	-870
36	8	0.833	-870
36	9	0.833	-870
36	10	0.833	-870
36	11	0.833	-870
36	12	0.833	-870
36	13	0.833	-870
36	14	0.833	-870
36	15	0.833	-870
36	16	0.833	-870
36	17	0.833	-870
36	18	0.833	-870
36	19	0.833	-870
36	20	0.833	-870
36	21	0.833	-870
36	22	0.833	-870
36	23	0.833	-870
36	24	0.833	-870
36	25	0.833	-870
36	26	0.833	-870
36	27	0.833	-870
36	28	0.833	-870
36	29	0.833	-870
36	30	0.833	-870
36	31	0.833	-870
36	32	0.833	-870
36	33	0.833	-870
36	34	0.833	-870
36	35	0.833	-870
36	36	0.833	-870
36	37	0.833	-870
36	38	0.833	-870
36	39	0.833	-870
36	40	0.833	-870
36	41	0.833	-870
36	42	0.833	-870
36	43	0.833	-870
36	44	0.833	-870
36	45	0.833	-870
36	46	0.833	-870
36	47	0.833	-870
36	48	0.833	-870
36	49	0.833	-870
36	50	0.833	-870
36	51	0.833	-870
36	52	0.833	-870
36	53	0.833	-870
36	54	0.833	-870
36	55	0.833	-870
36	56	0.833	-870
36	57	0.833	-870
36	58	0.833	-870
36	59	0.833	-870
36	60	0.833	-870
36	61	0.833	-870
36	62	0.833	-870
36	63	0.833	-870
36	64	0.833	-870
### SDC4-X1		  
#			  
37	1	0.833	-870
37	2	0.833	-870
37	3	0.833	-870
37	4	0.833	-870
37	5	0.833	-870
37	6	0.833	-870
37	7	0.833	-870
37	8	0.833	-870
37	9	0.833	-870
37	10	0.833	-870
37	11	0.833	-870
37	12	0.833	-870
37	13	0.833	-870
37	14	0.833	-870
37	15	0.833	-870
37	16	0.833	-870
37	17	0.833	-870
37	18	0.833	-870
37	19	0.833	-870
37	20	0.833	-870
37	21	0.833	-870
37	22	0.833	-870
37	23	0.833	-870
37	24	0.833	-870
37	25	0.833	-870
37	26	0.833	-870
37	27	0.833	-870
37	28	0.833	-870
37	29	0.833	-870
37	30	0.833	-870
37	31	0.833	-870
37	32	0.833	-870
37	33	0.833	-870
37	34	0.833	-870
37	35	0.833	-870
37	36	0.833	-870
37	37	0.833	-870
37	38	0.833	-870
37	39	0.833	-870
37	40	0.833	-870
37	41	0.833	-870
37	42	0.833	-870
37	43	0.833	-870
37	44	0.833	-870
37	45	0.833	-870
37	46	0.833	-870
37	47	0.833	-870
37	48	0.833	-870
37	49	0.833	-870
37	50	0.833	-870
37	51	0.833	-870
37	52	0.833	-870
37	53	0.833	-870
37	54	0.833	-870
37	55	0.833	-870
37	56	0.833	-870
37	57	0.833	-870
37	58	0.833	-870
37	59	0.833	-870
37	60	0.833	-870
37	61	0.833	-870
37	62	0.833	-870
37	63	0.833	-870
37	64	0.833	-870
37	65	0.833	-870
37	66	0.833	-870
37	67	0.833	-870
37	68	0.833	-870
37	69	0.833	-870
37	70	0.833	-870
37	71	0.833	-870
37	72	0.833	-870
37	73	0.833	-870
37	74	0.833	-870
37	75	0.833	-870
37	76	0.833	-870
37	77	0.833	-870
37	78	0.833	-870
37	79	0.833	-870
37	80	0.833	-870
37	81	0.833	-870
37	82	0.833	-870
37	83	0.833	-870
37	84	0.833	-870
37	85	0.833	-870
37	86	0.833	-870
37	87	0.833	-870
37	88	0.833	-870
37	89	0.833	-870
37	90	0.833	-870
37	91	0.833	-870
37	92	0.833	-870
37	93	0.833	-870
37	94	0.833	-870
37	95	0.833	-870
37	96	0.833	-870
### SDC4-X2		  
#			  
38	1	0.833	-870
38	2	0.833	-870
38	3	0.833	-870
38	4	0.833	-870
38	5	0.833	-870
38	6	0.833	-870
38	7	0.833	-870
38	8	0.833	-870
38	9	0.833	-870
38	10	0.833	-870
38	11	0.833	-870
38	12	0.833	-870
38	13	0.833	-870
38	14	0.833	-870
38	15	0.833	-870
38	16	0.833	-870
38	17	0.833	-870
38	18	0.833	-870
38	19	0.833	-870
38	20	0.833	-870
38	21	0.833	-870
38	22	0.833	-870
38	23	0.833	-870
38	24	0.833	-870
38	25	0.833	-870
38	26	0.833	-870
38	27	0.833	-870
38	28	0.833	-870
38	29	0.833	-870
38	30	0.833	-870
38	31	0.833	-870
38	32	0.833	-870
38	33	0.833	-870
38	34	0.833	-870
38	35	0.833	-870
38	36	0.833	-870
38	37	0.833	-870
38	38	0.833	-870
38	39	0.833	-870
38	40	0.833	-870
38	41	0.833	-870
38	42	0.833	-870
38	43	0.833	-870
38	44	0.833	-870
38	45	0.833	-870
38	46	0.833	-870
38	47	0.833	-870
38	48	0.833	-870
38	49	0.833	-870
38	50	0.833	-870
38	51	0.833	-870
38	52	0.833	-870
38	53	0.833	-870
38	54	0.833	-870
38	55	0.833	-870
38	56	0.833	-870
38	57	0.833	-870
38	58	0.833	-870
38	59	0.833	-870
38	60	0.833	-870
38	61	0.833	-870
38	62	0.833	-870
38	63	0.833	-870
38	64	0.833	-870
38	65	0.833	-870
38	66	0.833	-870
38	67	0.833	-870
38	68	0.833	-870
38	69	0.833	-870
38	70	0.833	-870
38	71	0.833	-870
38	72	0.833	-870
38	73	0.833	-870
38	74	0.833	-870
38	75	0.833	-870
38	76	0.833	-870
38	77	0.833	-870
38	78	0.833	-870
38	79	0.833	-870
38	80	0.833	-870
38	81	0.833	-870
38	82	0.833	-870
38	83	0.833	-870
38	84	0.833	-870
38	85	0.833	-870
38	86	0.833	-870
38	87	0.833	-870
38	88	0.833	-870
38	89	0.833	-870
38	90	0.833	-870
38	91	0.833	-870
38	92	0.833	-870
38	93	0.833	-870
38	94	0.833	-870
38	95	0.833	-870
38	96	0.833	-870
