##
#  file: DCTdcCalib_0
#  date: 2017.01.18
#  note: first version
#
#
#######################################################################
# Id	WireId	p1	p0
#
### BC3-X1
#
113	1	0.833	-414.625
113	2	0.833	-412.096
113	3	0.833	-412.096
113	4	0.833	-412.096
113	5	0.833	-412.096
113	6	0.833	-414.773
113	7	0.833	-412.096
113	8	0.833	-412.096
113	9	0.833	-412.096
113	10	0.833	-412.096
113	11	0.833	-416.046
113	12	0.833	-416.469
113	13	0.833	-412.096
113	14	0.833	-416.671
113	15	0.833	-414.694
113	16	0.833	-412.096
113	17	0.833	-415.393
113	18	0.833	-416.771
113	19	0.833	-414.49
113	20	0.833	-413.828
113	21	0.833	-413.768
113	22	0.833	-414.173
113	23	0.833	-412.879
113	24	0.833	-411.721
113	25	0.833	-411.279
113	26	0.833	-411.592
113	27	0.833	-410.594
113	28	0.833	-412.586
113	29	0.833	-410.977
113	30	0.833	-411.349
113	31	0.833	-409.206
113	32	0.833	-410.628
113	33	0.833	-413.334
113	34	0.833	-413.369
113	35	0.833	-412.815
113	36	0.833	-413.272
113	37	0.833	-412.731
113	38	0.833	-413.166
113	39	0.833	-412.671
113	40	0.833	-413.456
113	41	0.833	-414.291
113	42	0.833	-413.905
113	43	0.833	-414.104
113	44	0.833	-414.178
113	45	0.833	-413.872
113	46	0.833	-415.027
113	47	0.833	-413.97
113	48	0.833	-414.355
113	49	0.833	-414.136
113	50	0.833	-416.421
113	51	0.833	-414.414
113	52	0.833	-415.609
113	53	0.833	-412.985
113	54	0.833	-414.881
113	55	0.833	-413.785
113	56	0.833	-414.523
113	57	0.833	-411.35
113	58	0.833	-414.138
113	59	0.833	-412.427
113	60	0.833	-411.811
113	61	0.833	-413.412
113	62	0.833	-413.264
113	63	0.833	-410.194
113	64	0.833	-411.215
### BC3-X2
#
114	1	0.833	-409.157
114	2	0.833	-409.157
114	3	0.833	-409.157
114	4	0.833	-409.157
114	5	0.833	-409.157
114	6	0.833	-409.157
114	7	0.833	-414.088
114	8	0.833	-409.157
114	9	0.833	-409.157
114	10	0.833	-409.157
114	11	0.833	-409.157
114	12	0.833	-409.157
114	13	0.833	-409.157
114	14	0.833	-409.157
114	15	0.833	-413.199
114	16	0.833	-412.522
114	17	0.833	-412.442
114	18	0.833	-408.039
114	19	0.833	-411.905
114	20	0.833	-409.367
114	21	0.833	-409.483
114	22	0.833	-410.685
114	23	0.833	-409.345
114	24	0.833	-408.104
114	25	0.833	-407.853
114	26	0.833	-407.861
114	27	0.833	-408.111
114	28	0.833	-408.317
114	29	0.833	-407.927
114	30	0.833	-407.294
114	31	0.833	-408.274
114	32	0.833	-407.576
114	33	0.833	-410.317
114	34	0.833	-409.64
114	35	0.833	-411.322
114	36	0.833	-410.852
114	37	0.833	-411.046
114	38	0.833	-410.863
114	39	0.833	-411.326
114	40	0.833	-411.477
114	41	0.833	-410.397
114	42	0.833	-411.45
114	43	0.833	-412.534
114	44	0.833	-412.534
114	45	0.833	-412.624
114	46	0.833	-412.515
114	47	0.833	-413.881
114	48	0.833	-413.123
114	49	0.833	-412.962
114	50	0.833	-413.484
114	51	0.833	-414.021
114	52	0.833	-412.772
114	53	0.833	-412.459
114	54	0.833	-412.418
114	55	0.833	-412.292
114	56	0.833	-413.501
114	57	0.833	-410.006
114	58	0.833	-411.309
114	59	0.833	-409.975
114	60	0.833	-408.343
114	61	0.833	-409.094
114	62	0.833	-406.614
114	63	0.833	-408.771
114	64	0.833	-412.986
### BC3-U1
#
115	1	0.833	-409.343
115	2	0.833	-409.343
115	3	0.833	-409.343
115	4	0.833	-409.343
115	5	0.833	-409.343
115	6	0.833	-409.343
115	7	0.833	-409.343
115	8	0.833	-409.343
115	9	0.833	-412.719
115	10	0.833	-409.343
115	11	0.833	-409.343
115	12	0.833	-409.343
115	13	0.833	-409.343
115	14	0.833	-409.343
115	15	0.833	-408.75
115	16	0.833	-410.716
115	17	0.833	-409.343
115	18	0.833	-410.715
115	19	0.833	-414.083
115	20	0.833	-412.974
115	21	0.833	-409.25
115	22	0.833	-410.365
115	23	0.833	-408.701
115	24	0.833	-408.204
115	25	0.833	-408.272
115	26	0.833	-408.164
115	27	0.833	-407.427
115	28	0.833	-406.902
115	29	0.833	-406.671
115	30	0.833	-407.451
115	31	0.833	-406.266
115	32	0.833	-407.02
115	33	0.833	-411.043
115	34	0.833	-410.651
115	35	0.833	-412.16
115	36	0.833	-411.927
115	37	0.833	-412.09
115	38	0.833	-411.622
115	39	0.833	-412.874
115	40	0.833	-412.404
115	41	0.833	-412.795
115	42	0.833	-409.343
115	43	0.833	-413.095
115	44	0.833	-413.335
115	45	0.833	-412.722
115	46	0.833	-414.036
115	47	0.833	-414.101
115	48	0.833	-413.755
115	49	0.833	-413.866
115	50	0.833	-409.343
115	51	0.833	-409.343
115	52	0.833	-414.145
115	53	0.833	-414.081
115	54	0.833	-412.422
115	55	0.833	-413.124
115	56	0.833	-411.717
115	57	0.833	-412.179
115	58	0.833	-413.727
115	59	0.833	-413.54
115	60	0.833	-411.098
115	61	0.833	-409.504
115	62	0.833	-410.513
115	63	0.833	-411.044
115	64	0.833	-411.053
### BC3-U2
#
116	1	0.833	-407.547
116	2	0.833	-407.547
116	3	0.833	-407.547
116	4	0.833	-407.547
116	5	0.833	-407.547
116	6	0.833	-407.547
116	7	0.833	-402.918
116	8	0.833	-407.547
116	9	0.833	-407.547
116	10	0.833	-407.547
116	11	0.833	-407.547
116	12	0.833	-407.547
116	13	0.833	-407.547
116	14	0.833	-409.782
116	15	0.833	-407.547
116	16	0.833	-409.843
116	17	0.833	-409.66
116	18	0.833	-410.361
116	19	0.833	-408.856
116	20	0.833	-409.346
116	21	0.833	-408.419
116	22	0.833	-408.083
116	23	0.833	-407.209
116	24	0.833	-406.734
116	25	0.833	-406.308
116	26	0.833	-406.43
116	27	0.833	-406.229
116	28	0.833	-406.536
116	29	0.833	-405.87
116	30	0.833	-404.673
116	31	0.833	-406.429
116	32	0.833	-406.789
116	33	0.833	-408.766
116	34	0.833	-407.637
116	35	0.833	-410.175
116	36	0.833	-409.2
116	37	0.833	-409.477
116	38	0.833	-409.719
116	39	0.833	-410.996
116	40	0.833	-410.155
116	41	0.833	-409.688
116	42	0.833	-410.633
116	43	0.833	-411.449
116	44	0.833	-412.015
116	45	0.833	-411.589
116	46	0.833	-411.799
116	47	0.833	-407.547
116	48	0.833	-411.836
116	49	0.833	-411.456
116	50	0.833	-407.547
116	51	0.833	-407.547
116	52	0.833	-412.514
116	53	0.833	-412.233
116	54	0.833	-407.547
116	55	0.833	-411.531
116	56	0.833	-411.405
116	57	0.833	-409.175
116	58	0.833	-408.361
116	59	0.833	-412.132
116	60	0.833	-411.123
116	61	0.833	-411.325
116	62	0.833	-411.433
116	63	0.833	-407.76
116	64	0.833	-410.588
### BC3-V1
#
117	1	0.833	-411.24
117	2	0.833	-415.644
117	3	0.833	-411.24
117	4	0.833	-411.24
117	5	0.833	-411.24
117	6	0.833	-411.24
117	7	0.833	-411.24
117	8	0.833	-415.588
117	9	0.833	-415.225
117	10	0.833	-411.24
117	11	0.833	-411.24
117	12	0.833	-413.496
117	13	0.833	-411.24
117	14	0.833	-411.24
117	15	0.833	-415.598
117	16	0.833	-414.488
117	17	0.833	-415.443
117	18	0.833	-414.756
117	19	0.833	-414.551
117	20	0.833	-415.003
117	21	0.833	-414.636
117	22	0.833	-413.446
117	23	0.833	-413.088
117	24	0.833	-411.348
117	25	0.833	-409.994
117	26	0.833	-410.665
117	27	0.833	-409.747
117	28	0.833	-410.498
117	29	0.833	-409.176
117	30	0.833	-410.893
117	31	0.833	-409.256
117	32	0.833	-410.779
117	33	0.833	-411.106
117	34	0.833	-412
117	35	0.833	-412.475
117	36	0.833	-412.601
117	37	0.833	-412.558
117	38	0.833	-412.915
117	39	0.833	-413
117	40	0.833	-412.371
117	41	0.833	-413.771
117	42	0.833	-414.123
117	43	0.833	-414.18
117	44	0.833	-413.39
117	45	0.833	-414.522
117	46	0.833	-414.526
117	47	0.833	-414.841
117	48	0.833	-413.637
117	49	0.833	-413.973
117	50	0.833	-414.701
117	51	0.833	-413.995
117	52	0.833	-413.859
117	53	0.833	-412.707
117	54	0.833	-415.064
117	55	0.833	-414.083
117	56	0.833	-412.141
117	57	0.833	-411.835
117	58	0.833	-414.362
117	59	0.833	-412.13
117	60	0.833	-412.314
117	61	0.833	-413.192
117	62	0.833	-412.861
117	63	0.833	-410.661
117	64	0.833	-408.048
### BC3-V2
#
118	1	0.833	-404.662
118	2	0.833	-404.662
118	3	0.833	-404.662
118	4	0.833	-404.662
118	5	0.833	-404.662
118	6	0.833	-404.662
118	7	0.833	-404.662
118	8	0.833	-404.662
118	9	0.833	-404.662
118	10	0.833	-404.662
118	11	0.833	-404.662
118	12	0.833	-404.662
118	13	0.833	-404.662
118	14	0.833	-404.662
118	15	0.833	-404.662
118	16	0.833	-408.403
118	17	0.833	-404.662
118	18	0.833	-407.645
118	19	0.833	-404.662
118	20	0.833	-408.357
118	21	0.833	-405.988
118	22	0.833	-404.946
118	23	0.833	-406.439
118	24	0.833	-403.497
118	25	0.833	-402.787
118	26	0.833	-403.344
118	27	0.833	-402.668
118	28	0.833	-403.144
118	29	0.833	-401.177
118	30	0.833	-401.64
118	31	0.833	-402.594
118	32	0.833	-403.264
118	33	0.833	-405.354
118	34	0.833	-405.874
118	35	0.833	-406.903
118	36	0.833	-405.794
118	37	0.833	-407.087
118	38	0.833	-407.262
118	39	0.833	-407.459
118	40	0.833	-407.408
118	41	0.833	-406.441
118	42	0.833	-408.138
118	43	0.833	-408.244
118	44	0.833	-408.853
118	45	0.833	-409.418
118	46	0.833	-409.123
118	47	0.833	-404.662
118	48	0.833	-404.662
118	49	0.833	-409.618
118	50	0.833	-404.662
118	51	0.833	-404.662
118	52	0.833	-404.662
118	53	0.833	-409.053
118	54	0.833	-404.662
118	55	0.833	-409.464
118	56	0.833	-409.006
118	57	0.833	-406.725
118	58	0.833	-407.784
118	59	0.833	-406.922
118	60	0.833	-404.662
118	61	0.833	-407.273
118	62	0.833	-408.408
118	63	0.833	-402.275
118	64	0.833	-405.876
### BC4-U1
#
119	1	0.833	-411.394
119	2	0.833	-409.878
119	3	0.833	-409.476
119	4	0.833	-411.921
119	5	0.833	-409.768
119	6	0.833	-412.519
119	7	0.833	-412.507
119	8	0.833	-411.637
119	9	0.833	-411.87
119	10	0.833	-410.576
119	11	0.833	-412.779
119	12	0.833	-414.203
119	13	0.833	-415.396
119	14	0.833	-413.858
119	15	0.833	-413.892
119	16	0.833	-413.347
119	17	0.833	-413.134
119	18	0.833	-413.957
119	19	0.833	-412.195
119	20	0.833	-412.189
119	21	0.833	-412.193
119	22	0.833	-413.096
119	23	0.833	-412.104
119	24	0.833	-411.723
119	25	0.833	-410.45
119	26	0.833	-410.807
119	27	0.833	-410.492
119	28	0.833	-410.333
119	29	0.833	-408.813
119	30	0.833	-409.171
119	31	0.833	-408.735
119	32	0.833	-409.046
119	33	0.833	-410.365
119	34	0.833	-410.038
119	35	0.833	-411.26
119	36	0.833	-411.105
119	37	0.833	-411.847
119	38	0.833	-411.413
119	39	0.833	-412.2
119	40	0.833	-411.418
119	41	0.833	-412.379
119	42	0.833	-412.046
119	43	0.833	-412.711
119	44	0.833	-411.699
119	45	0.833	-413.276
119	46	0.833	-412.969
119	47	0.833	-413.179
119	48	0.833	-412.871
119	49	0.833	-413.359
119	50	0.833	-414.641
119	51	0.833	-413.122
119	52	0.833	-412.679
119	53	0.833	-412.171
119	54	0.833	-413.235
119	55	0.833	-413.62
119	56	0.833	-411.478
119	57	0.833	-409.875
119	58	0.833	-410.949
119	59	0.833	-409.788
119	60	0.833	-412
119	61	0.833	-408.803
119	62	0.833	-411.979
119	63	0.833	-410.358
119	64	0.833	-410.227
### BC4-U2
#
120	1	0.833	-404.826
120	2	0.833	-404.9
120	3	0.833	-407.718
120	4	0.833	-403.189
120	5	0.833	-408.133
120	6	0.833	-404.611
120	7	0.833	-405.862
120	8	0.833	-405.78
120	9	0.833	-407.657
120	10	0.833	-409.264
120	11	0.833	-407.286
120	12	0.833	-406.965
120	13	0.833	-407.315
120	14	0.833	-410.2
120	15	0.833	-410.65
120	16	0.833	-407.762
120	17	0.833	-405.865
120	18	0.833	-405.827
120	19	0.833	-408.343
120	20	0.833	-406.639
120	21	0.833	-407.158
120	22	0.833	-407.479
120	23	0.833	-405.759
120	24	0.833	-405.664
120	25	0.833	-404.55
120	26	0.833	-404.684
120	27	0.833	-402.658
120	28	0.833	-403.798
120	29	0.833	-406.711
120	30	0.833	-402.38
120	31	0.833	-402.185
120	32	0.833	-402.703
120	33	0.833	-407.729
120	34	0.833	-406.528
120	35	0.833	-408.795
120	36	0.833	-408.507
120	37	0.833	-409.213
120	38	0.833	-408.767
120	39	0.833	-409.672
120	40	0.833	-409.571
120	41	0.833	-408.173
120	42	0.833	-408.951
120	43	0.833	-410.335
120	44	0.833	-410.767
120	45	0.833	-410.208
120	46	0.833	-410.283
120	47	0.833	-410.88
120	48	0.833	-410.683
120	49	0.833	-410.886
120	50	0.833	-411.441
120	51	0.833	-406.711
120	52	0.833	-406.711
120	53	0.833	-410.04
120	54	0.833	-410.403
120	55	0.833	-406.711
120	56	0.833	-410.774
120	57	0.833	-407.898
120	58	0.833	-409.342
120	59	0.833	-410.773
120	60	0.833	-407.932
120	61	0.833	-408.923
120	62	0.833	-410.059
120	63	0.833	-409.409
120	64	0.833	-407.152
### BC4-V1
#
121	1	0.833	-408.803
121	2	0.833	-408.116
121	3	0.833	-409.653
121	4	0.833	-410.256
121	5	0.833	-411.155
121	6	0.833	-410.047
121	7	0.833	-412.005
121	8	0.833	-410.441
121	9	0.833	-408.291
121	10	0.833	-408.116
121	11	0.833	-408.116
121	12	0.833	-410.565
121	13	0.833	-410.932
121	14	0.833	-411.267
121	15	0.833	-411.563
121	16	0.833	-410.857
121	17	0.833	-408.945
121	18	0.833	-411.327
121	19	0.833	-410.627
121	20	0.833	-412.314
121	21	0.833	-410.318
121	22	0.833	-411.113
121	23	0.833	-409.942
121	24	0.833	-409.76
121	25	0.833	-406.593
121	26	0.833	-407.8
121	27	0.833	-406.317
121	28	0.833	-406.668
121	29	0.833	-405.324
121	30	0.833	-406.85
121	31	0.833	-405.579
121	32	0.833	-406.22
121	33	0.833	-407.456
121	34	0.833	-407.843
121	35	0.833	-409.615
121	36	0.833	-409.296
121	37	0.833	-409.511
121	38	0.833	-409.322
121	39	0.833	-410.076
121	40	0.833	-409.316
121	41	0.833	-410.964
121	42	0.833	-410.361
121	43	0.833	-410.877
121	44	0.833	-410.618
121	45	0.833	-410.524
121	46	0.833	-411.03
121	47	0.833	-412.049
121	48	0.833	-410.188
121	49	0.833	-411.104
121	50	0.833	-411.68
121	51	0.833	-412.078
121	52	0.833	-410.269
121	53	0.833	-410.183
121	54	0.833	-411.275
121	55	0.833	-410.512
121	56	0.833	-410.257
121	57	0.833	-408.056
121	58	0.833	-409.666
121	59	0.833	-409.385
121	60	0.833	-407.43
121	61	0.833	-408.464
121	62	0.833	-407.871
121	63	0.833	-408.403
121	64	0.833	-410.538
### BC4-V2
#
122	1	0.833	-404.548
122	2	0.833	-405.893
122	3	0.833	-405.893
122	4	0.833	-405.251
122	5	0.833	-406.027
122	6	0.833	-403.208
122	7	0.833	-406.214
122	8	0.833	-405.096
122	9	0.833	-405.246
122	10	0.833	-407.973
122	11	0.833	-404.99
122	12	0.833	-404.283
122	13	0.833	-408.998
122	14	0.833	-408.552
122	15	0.833	-406.287
122	16	0.833	-408.406
122	17	0.833	-408.989
122	18	0.833	-405.771
122	19	0.833	-409.068
122	20	0.833	-405.511
122	21	0.833	-406.522
122	22	0.833	-407.866
122	23	0.833	-406.706
122	24	0.833	-406.479
122	25	0.833	-403.406
122	26	0.833	-404.403
122	27	0.833	-403.839
122	28	0.833	-403.75
122	29	0.833	-403.079
122	30	0.833	-403.092
122	31	0.833	-403.423
122	32	0.833	-403.185
122	33	0.833	-406.314
122	34	0.833	-405.942
122	35	0.833	-407.986
122	36	0.833	-407.76
122	37	0.833	-407.791
122	38	0.833	-407.22
122	39	0.833	-408.732
122	40	0.833	-408.212
122	41	0.833	-408.209
122	42	0.833	-408.9
122	43	0.833	-409.944
122	44	0.833	-409.854
122	45	0.833	-409.238
122	46	0.833	-409.229
122	47	0.833	-410.387
122	48	0.833	-409.596
122	49	0.833	-409.933
122	50	0.833	-409.378
122	51	0.833	-405.893
122	52	0.833	-409.051
122	53	0.833	-408.479
122	54	0.833	-408.963
122	55	0.833	-405.893
122	56	0.833	-407.299
122	57	0.833	-406.972
122	58	0.833	-408.012
122	59	0.833	-408.118
122	60	0.833	-407.967
122	61	0.833	-408.417
122	62	0.833	-408.35
122	63	0.833	-407.543
122	64	0.833	-406.018
### BC4-X1
#
123	1	0.833	-411.377
123	2	0.833	-406.004
123	3	0.833	-407.475
123	4	0.833	-407.475
123	5	0.833	-407.475
123	6	0.833	-408.157
123	7	0.833	-403.243
123	8	0.833	-408.055
123	9	0.833	-410.967
123	10	0.833	-409.974
123	11	0.833	-409.44
123	12	0.833	-409.603
123	13	0.833	-412.05
123	14	0.833	-407.565
123	15	0.833	-409.808
123	16	0.833	-411.302
123	17	0.833	-408.868
123	18	0.833	-409.111
123	19	0.833	-408.093
123	20	0.833	-409.708
123	21	0.833	-409.146
123	22	0.833	-409.081
123	23	0.833	-408.699
123	24	0.833	-408.201
123	25	0.833	-405.723
123	26	0.833	-407.045
123	27	0.833	-405.611
123	28	0.833	-405.899
123	29	0.833	-404.48
123	30	0.833	-406.735
123	31	0.833	-404.795
123	32	0.833	-405.711
123	33	0.833	-406.633
123	34	0.833	-406.867
123	35	0.833	-408.873
123	36	0.833	-408.714
123	37	0.833	-408.821
123	38	0.833	-407.56
123	39	0.833	-409.676
123	40	0.833	-407.874
123	41	0.833	-409.585
123	42	0.833	-409.777
123	43	0.833	-410.661
123	44	0.833	-409.573
123	45	0.833	-409.651
123	46	0.833	-410.295
123	47	0.833	-410.919
123	48	0.833	-410.446
123	49	0.833	-410.312
123	50	0.833	-410.869
123	51	0.833	-410.666
123	52	0.833	-410.554
123	53	0.833	-409.776
123	54	0.833	-410.015
123	55	0.833	-409.826
123	56	0.833	-408.613
123	57	0.833	-408.735
123	58	0.833	-407.906
123	59	0.833	-405.9
123	60	0.833	-408.657
123	61	0.833	-407.911
123	62	0.833	-407.484
123	63	0.833	-408.565
123	64	0.833	-406.759
### BC4-X2
#
124	1	0.833	-401.039
124	2	0.833	-403.647
124	3	0.833	-408.351
124	4	0.833	-405.049
124	5	0.833	-406.602
124	6	0.833	-407.163
124	7	0.833	-405.854
124	8	0.833	-405.644
124	9	0.833	-407.829
124	10	0.833	-407.351
124	11	0.833	-406.535
124	12	0.833	-406.577
124	13	0.833	-408.999
124	14	0.833	-405.178
124	15	0.833	-408.865
124	16	0.833	-404.685
124	17	0.833	-404.666
124	18	0.833	-403.572
124	19	0.833	-405.874
124	20	0.833	-404.904
124	21	0.833	-404.313
124	22	0.833	-404.247
124	23	0.833	-404.028
124	24	0.833	-401.393
124	25	0.833	-401.368
124	26	0.833	-400.443
124	27	0.833	-404.422
124	28	0.833	-400.874
124	29	0.833	-404.422
124	30	0.833	-399.541
124	31	0.833	-401.479
124	32	0.833	-400.328
124	33	0.833	-405.34
124	34	0.833	-405.283
124	35	0.833	-406.391
124	36	0.833	-406.624
124	37	0.833	-406.536
124	38	0.833	-407.443
124	39	0.833	-407.008
124	40	0.833	-407.542
124	41	0.833	-405.914
124	42	0.833	-406.634
124	43	0.833	-408.583
124	44	0.833	-408.823
124	45	0.833	-408.31
124	46	0.833	-408.741
124	47	0.833	-408.5
124	48	0.833	-407.988
124	49	0.833	-408.206
124	50	0.833	-409.357
124	51	0.833	-404.422
124	52	0.833	-409.236
124	53	0.833	-408.425
124	54	0.833	-408.033
124	55	0.833	-404.422
124	56	0.833	-409.041
124	57	0.833	-406.608
124	58	0.833	-405.597
124	59	0.833	-404.422
124	60	0.833	-407.746
124	61	0.833	-407.723
124	62	0.833	-407.157
124	63	0.833	-408.741
124	64	0.833	-407.48
### SDC1-V1
#
1	1	0.833	-450.
1	2	0.833	-450.
1	3	0.833	-450.
1	4	0.833	-450.
1	5	0.833	-450.
1	6	0.833	-450.
1	7	0.833	-450.
1	8	0.833	-450.
1	9	0.833	-450.
1	10	0.833	-450.
1	11	0.833	-450.
1	12	0.833	-450.
1	13	0.833	-450.
1	14	0.833	-450.
1	15	0.833	-450.
1	16	0.833	-450.
1	17	0.833	-450.
1	18	0.833	-450.
1	19	0.833	-450.
1	20	0.833	-450.
1	21	0.833	-450.
1	22	0.833	-450.
1	23	0.833	-450.
1	24	0.833	-450.
1	25	0.833	-450.
1	26	0.833	-450.
1	27	0.833	-450.
1	28	0.833	-450.
1	29	0.833	-450.
1	30	0.833	-450.
1	31	0.833	-450.
1	32	0.833	-450.
1	33	0.833	-450.
1	34	0.833	-450.
1	35	0.833	-450.
1	36	0.833	-450.
1	37	0.833	-450.
1	38	0.833	-450.
1	39	0.833	-450.
1	40	0.833	-450.
1	41	0.833	-450.
1	42	0.833	-450.
1	43	0.833	-450.
1	44	0.833	-450.
1	45	0.833	-450.
1	46	0.833	-450.
1	47	0.833	-450.
1	48	0.833	-450.
1	49	0.833	-450.
1	50	0.833	-450.
1	51	0.833	-450.
1	52	0.833	-450.
1	53	0.833	-450.
1	54	0.833	-450.
1	55	0.833	-450.
1	56	0.833	-450.
1	57	0.833	-450.
1	58	0.833	-450.
1	59	0.833	-450.
1	60	0.833	-450.
1	61	0.833	-450.
1	62	0.833	-450.
1	63	0.833	-450.
1	64	0.833	-450.
### SDC1-V2
#	
2	1	0.833	-450.
2	2	0.833	-450.
2	3	0.833	-450.
2	4	0.833	-450.
2	5	0.833	-450.
2	6	0.833	-450.
2	7	0.833	-450.
2	8	0.833	-450.
2	9	0.833	-450.
2	10	0.833	-450.
2	11	0.833	-450.
2	12	0.833	-450.
2	13	0.833	-450.
2	14	0.833	-450.
2	15	0.833	-450.
2	16	0.833	-450.
2	17	0.833	-450.
2	18	0.833	-450.
2	19	0.833	-450.
2	20	0.833	-450.
2	21	0.833	-450.
2	22	0.833	-450.
2	23	0.833	-450.
2	24	0.833	-450.
2	25	0.833	-450.
2	26	0.833	-450.
2	27	0.833	-450.
2	28	0.833	-450.
2	29	0.833	-450.
2	30	0.833	-450.
2	31	0.833	-450.
2	32	0.833	-450.
2	33	0.833	-450.
2	34	0.833	-450.
2	35	0.833	-450.
2	36	0.833	-450.
2	37	0.833	-450.
2	38	0.833	-450.
2	39	0.833	-450.
2	40	0.833	-450.
2	41	0.833	-450.
2	42	0.833	-450.
2	43	0.833	-450.
2	44	0.833	-450.
2	45	0.833	-450.
2	46	0.833	-450.
2	47	0.833	-450.
2	48	0.833	-450.
2	49	0.833	-450.
2	50	0.833	-450.
2	51	0.833	-450.
2	52	0.833	-450.
2	53	0.833	-450.
2	54	0.833	-450.
2	55	0.833	-450.
2	56	0.833	-450.
2	57	0.833	-450.
2	58	0.833	-450.
2	59	0.833	-450.
2	60	0.833	-450.
2	61	0.833	-450.
2	62	0.833	-450.
2	63	0.833	-450.
2	64	0.833	-450.
### SDC1-X1
#	
3	1	0.833	-450.
3	2	0.833	-450.
3	3	0.833	-450.
3	4	0.833	-450.
3	5	0.833	-450.
3	6	0.833	-450.
3	7	0.833	-450.
3	8	0.833	-450.
3	9	0.833	-450.
3	10	0.833	-450.
3	11	0.833	-450.
3	12	0.833	-450.
3	13	0.833	-450.
3	14	0.833	-450.
3	15	0.833	-450.
3	16	0.833	-450.
3	17	0.833	-450.
3	18	0.833	-450.
3	19	0.833	-450.
3	20	0.833	-450.
3	21	0.833	-450.
3	22	0.833	-450.
3	23	0.833	-450.
3	24	0.833	-450.
3	25	0.833	-450.
3	26	0.833	-450.
3	27	0.833	-450.
3	28	0.833	-450.
3	29	0.833	-450.
3	30	0.833	-450.
3	31	0.833	-450.
3	32	0.833	-450.
3	33	0.833	-450.
3	34	0.833	-450.
3	35	0.833	-450.
3	36	0.833	-450.
3	37	0.833	-450.
3	38	0.833	-450.
3	39	0.833	-450.
3	40	0.833	-450.
3	41	0.833	-450.
3	42	0.833	-450.
3	43	0.833	-450.
3	44	0.833	-450.
3	45	0.833	-450.
3	46	0.833	-450.
3	47	0.833	-450.
3	48	0.833	-450.
3	49	0.833	-450.
3	50	0.833	-450.
3	51	0.833	-450.
3	52	0.833	-450.
3	53	0.833	-450.
3	54	0.833	-450.
3	55	0.833	-450.
3	56	0.833	-450.
3	57	0.833	-450.
3	58	0.833	-450.
3	59	0.833	-450.
3	60	0.833	-450.
3	61	0.833	-450.
3	62	0.833	-450.
3	63	0.833	-450.
3	64	0.833	-450.
### SDC1-X2
#	
4	1	0.833	-450.
4	2	0.833	-450.
4	3	0.833	-450.
4	4	0.833	-450.
4	5	0.833	-450.
4	6	0.833	-450.
4	7	0.833	-450.
4	8	0.833	-450.
4	9	0.833	-450.
4	10	0.833	-450.
4	11	0.833	-450.
4	12	0.833	-450.
4	13	0.833	-450.
4	14	0.833	-450.
4	15	0.833	-450.
4	16	0.833	-450.
4	17	0.833	-450.
4	18	0.833	-450.
4	19	0.833	-450.
4	20	0.833	-450.
4	21	0.833	-450.
4	22	0.833	-450.
4	23	0.833	-450.
4	24	0.833	-450.
4	25	0.833	-450.
4	26	0.833	-450.
4	27	0.833	-450.
4	28	0.833	-450.
4	29	0.833	-450.
4	30	0.833	-450.
4	31	0.833	-450.
4	32	0.833	-450.
4	33	0.833	-450.
4	34	0.833	-450.
4	35	0.833	-450.
4	36	0.833	-450.
4	37	0.833	-450.
4	38	0.833	-450.
4	39	0.833	-450.
4	40	0.833	-450.
4	41	0.833	-450.
4	42	0.833	-450.
4	43	0.833	-450.
4	44	0.833	-450.
4	45	0.833	-450.
4	46	0.833	-450.
4	47	0.833	-450.
4	48	0.833	-450.
4	49	0.833	-450.
4	50	0.833	-450.
4	51	0.833	-450.
4	52	0.833	-450.
4	53	0.833	-450.
4	54	0.833	-450.
4	55	0.833	-450.
4	56	0.833	-450.
4	57	0.833	-450.
4	58	0.833	-450.
4	59	0.833	-450.
4	60	0.833	-450.
4	61	0.833	-450.
4	62	0.833	-450.
4	63	0.833	-450.
4	64	0.833	-450.
### SDC1-U1
#	
5	1	0.833	-450.
5	2	0.833	-450.
5	3	0.833	-450.
5	4	0.833	-450.
5	5	0.833	-450.
5	6	0.833	-450.
5	7	0.833	-450.
5	8	0.833	-450.
5	9	0.833	-450.
5	10	0.833	-450.
5	11	0.833	-450.
5	12	0.833	-450.
5	13	0.833	-450.
5	14	0.833	-450.
5	15	0.833	-450.
5	16	0.833	-450.
5	17	0.833	-450.
5	18	0.833	-450.
5	19	0.833	-450.
5	20	0.833	-450.
5	21	0.833	-450.
5	22	0.833	-450.
5	23	0.833	-450.
5	24	0.833	-450.
5	25	0.833	-450.
5	26	0.833	-450.
5	27	0.833	-450.
5	28	0.833	-450.
5	29	0.833	-450.
5	30	0.833	-450.
5	31	0.833	-450.
5	32	0.833	-450.
5	33	0.833	-450.
5	34	0.833	-450.
5	35	0.833	-450.
5	36	0.833	-450.
5	37	0.833	-450.
5	38	0.833	-450.
5	39	0.833	-450.
5	40	0.833	-450.
5	41	0.833	-450.
5	42	0.833	-450.
5	43	0.833	-450.
5	44	0.833	-450.
5	45	0.833	-450.
5	46	0.833	-450.
5	47	0.833	-450.
5	48	0.833	-450.
5	49	0.833	-450.
5	50	0.833	-450.
5	51	0.833	-450.
5	52	0.833	-450.
5	53	0.833	-450.
5	54	0.833	-450.
5	55	0.833	-450.
5	56	0.833	-450.
5	57	0.833	-450.
5	58	0.833	-450.
5	59	0.833	-450.
5	60	0.833	-450.
5	61	0.833	-450.
5	62	0.833	-450.
5	63	0.833	-450.
5	64	0.833	-450.
### SDC1-U2		
#			
6	1	0.833	-450.
6	2	0.833	-450.
6	3	0.833	-450.
6	4	0.833	-450.
6	5	0.833	-450.
6	6	0.833	-450.
6	7	0.833	-450.
6	8	0.833	-450.
6	9	0.833	-450.
6	10	0.833	-450.
6	11	0.833	-450.
6	12	0.833	-450.
6	13	0.833	-450.
6	14	0.833	-450.
6	15	0.833	-450.
6	16	0.833	-450.
6	17	0.833	-450.
6	18	0.833	-450.
6	19	0.833	-450.
6	20	0.833	-450.
6	21	0.833	-450.
6	22	0.833	-450.
6	23	0.833	-450.
6	24	0.833	-450.
6	25	0.833	-450.
6	26	0.833	-450.
6	27	0.833	-450.
6	28	0.833	-450.
6	29	0.833	-450.
6	30	0.833	-450.
6	31	0.833	-450.
6	32	0.833	-450.
6	33	0.833	-450.
6	34	0.833	-450.
6	35	0.833	-450.
6	36	0.833	-450.
6	37	0.833	-450.
6	38	0.833	-450.
6	39	0.833	-450.
6	40	0.833	-450.
6	41	0.833	-450.
6	42	0.833	-450.
6	43	0.833	-450.
6	44	0.833	-450.
6	45	0.833	-450.
6	46	0.833	-450.
6	47	0.833	-450.
6	48	0.833	-450.
6	49	0.833	-450.
6	50	0.833	-450.
6	51	0.833	-450.
6	52	0.833	-450.
6	53	0.833	-450.
6	54	0.833	-450.
6	55	0.833	-450.
6	56	0.833	-450.
6	57	0.833	-450.
6	58	0.833	-450.
6	59	0.833	-450.
6	60	0.833	-450.
6	61	0.833	-450.
6	62	0.833	-450.
6	63	0.833	-450.
6	64	0.833	-450.
### SDC2-X1
#
7	1	0.833	-480.
7	2	0.833	-480.
7	3	0.833	-480.
7	4	0.833	-480.
7	5	0.833	-480.
7	6	0.833	-480.
7	7	0.833	-480.
7	8	0.833	-480.
7	9	0.833	-480.
7	10	0.833	-480.
7	11	0.833	-480.
7	12	0.833	-480.
7	13	0.833	-480.
7	14	0.833	-480.
7	15	0.833	-480.
7	16	0.833	-480.
7	17	0.833	-480.
7	18	0.833	-480.
7	19	0.833	-480.
7	20	0.833	-480.
7	21	0.833	-480.
7	22	0.833	-480.
7	23	0.833	-480.
7	24	0.833	-480.
7	25	0.833	-480.
7	26	0.833	-480.
7	27	0.833	-480.
7	28	0.833	-480.
7	29	0.833	-480.
7	30	0.833	-480.
7	31	0.833	-480.
7	32	0.833	-480.
7	33	0.833	-480.
7	34	0.833	-480.
7	35	0.833	-480.
7	36	0.833	-480.
7	37	0.833	-480.
7	38	0.833	-480.
7	39	0.833	-480.
7	40	0.833	-480.
7	41	0.833	-480.
7	42	0.833	-480.
7	43	0.833	-480.
7	44	0.833	-480.
7	45	0.833	-480.
7	46	0.833	-480.
7	47	0.833	-480.
7	48	0.833	-480.
7	49	0.833	-480.
7	50	0.833	-480.
7	51	0.833	-480.
7	52	0.833	-480.
7	53	0.833	-480.
7	54	0.833	-480.
7	55	0.833	-480.
7	56	0.833	-480.
7	57	0.833	-480.
7	58	0.833	-480.
7	59	0.833	-480.
7	60	0.833	-480.
7	61	0.833	-480.
7	62	0.833	-480.
7	63	0.833	-480.
7	64	0.833	-480.
7	65	0.833	-480.
7	66	0.833	-480.
7	67	0.833	-480.
7	68	0.833	-480.
7	69	0.833	-480.
7	70	0.833	-480.
### SDC2-X2
#
8	1	0.833	-480.
8	2	0.833	-480.
8	3	0.833	-480.
8	4	0.833	-480.
8	5	0.833	-480.
8	6	0.833	-480.
8	7	0.833	-480.
8	8	0.833	-480.
8	9	0.833	-480.
8	10	0.833	-480.
8	11	0.833	-480.
8	12	0.833	-480.
8	13	0.833	-480.
8	14	0.833	-480.
8	15	0.833	-480.
8	16	0.833	-480.
8	17	0.833	-480.
8	18	0.833	-480.
8	19	0.833	-480.
8	20	0.833	-480.
8	21	0.833	-480.
8	22	0.833	-480.
8	23	0.833	-480.
8	24	0.833	-480.
8	25	0.833	-480.
8	26	0.833	-480.
8	27	0.833	-480.
8	28	0.833	-480.
8	29	0.833	-480.
8	30	0.833	-480.
8	31	0.833	-480.
8	32	0.833	-480.
8	33	0.833	-480.
8	34	0.833	-480.
8	35	0.833	-480.
8	36	0.833	-480.
8	37	0.833	-480.
8	38	0.833	-480.
8	39	0.833	-480.
8	40	0.833	-480.
8	41	0.833	-480.
8	42	0.833	-480.
8	43	0.833	-480.
8	44	0.833	-480.
8	45	0.833	-480.
8	46	0.833	-480.
8	47	0.833	-480.
8	48	0.833	-480.
8	49	0.833	-480.
8	50	0.833	-480.
8	51	0.833	-480.
8	52	0.833	-480.
8	53	0.833	-480.
8	54	0.833	-480.
8	55	0.833	-480.
8	56	0.833	-480.
8	57	0.833	-480.
8	58	0.833	-480.
8	59	0.833	-480.
8	60	0.833	-480.
8	61	0.833	-480.
8	62	0.833	-480.
8	63	0.833	-480.
8	64	0.833	-480.
8	65	0.833	-480.
8	66	0.833	-480.
8	67	0.833	-480.
8	68	0.833	-480.
8	69	0.833	-480.
8	70	0.833	-480.
### SDC2-Y1
#
9	1	0.833	-480
9	2	0.833	-480
9	3	0.833	-480
9	4	0.833	-480
9	5	0.833	-480
9	6	0.833	-480
9	7	0.833	-480
9	8	0.833	-480
9	9	0.833	-480
9	10	0.833	-480
9	11	0.833	-480
9	12	0.833	-480
9	13	0.833	-480
9	14	0.833	-480
9	15	0.833	-480
9	16	0.833	-480
9	17	0.833	-480
9	18	0.833	-480
9	19	0.833	-480
9	20	0.833	-480
9	21	0.833	-480
9	22	0.833	-480
9	23	0.833	-480
9	24	0.833	-480
9	25	0.833	-480
9	26	0.833	-480
9	27	0.833	-480
9	28	0.833	-480
9	29	0.833	-480
9	30	0.833	-480
9	31	0.833	-480
9	32	0.833	-480
9	33	0.833	-480
9	34	0.833	-480
9	35	0.833	-480
9	36	0.833	-480
9	37	0.833	-480
9	38	0.833	-480
9	39	0.833	-480
9	40	0.833	-480
### SDC2-Y2
#
10	1	0.833	-480.
10	2	0.833	-480.
10	3	0.833	-480.
10	4	0.833	-480.
10	5	0.833	-480.
10	6	0.833	-480.
10	7	0.833	-480.
10	8	0.833	-480.
10	9	0.833	-480.
10	10	0.833	-480.
10	11	0.833	-480.
10	12	0.833	-480.
10	13	0.833	-480.
10	14	0.833	-480.
10	15	0.833	-480.
10	16	0.833	-480.
10	17	0.833	-480.
10	18	0.833	-480.
10	19	0.833	-480.
10	20	0.833	-480.
10	21	0.833	-480.
10	22	0.833	-480.
10	23	0.833	-480.
10	24	0.833	-480.
10	25	0.833	-480.
10	26	0.833	-480.
10	27	0.833	-480.
10	28	0.833	-480.
10	29	0.833	-480.
10	30	0.833	-480.
10	31	0.833	-480.
10	32	0.833	-480.
10	33	0.833	-480.
10	34	0.833	-480.
10	35	0.833	-480.
10	36	0.833	-480.
10	37	0.833	-480.
10	38	0.833	-480.
10	39	0.833	-480.
10	40	0.833	-480.
### SDC3-X1
#
31	1	0.833	-886.892
31	2	0.833	-892.755
31	3	0.833	-896.671
31	4	0.833	-894.101
31	5	0.833	-898.364
31	6	0.833	-897.029
31	7	0.833	-899.255
31	8	0.833	-897.581
31	9	0.833	-900.44
31	10	0.833	-903.886
31	11	0.833	-901.922
31	12	0.833	-904.307
31	13	0.833	-900.168
31	14	0.833	-895.49
31	15	0.833	-897.14
31	16	0.833	-895.645
31	17	0.833	-895.645
31	18	0.833	-890
31	19	0.833	-890
31	20	0.833	-890
31	21	0.833	-890
31	22	0.833	-890
31	23	0.833	-889.722
31	24	0.833	-895.645
31	25	0.833	-890.002
31	26	0.833	-895.645
31	27	0.833	-895.645
31	28	0.833	-889.675
31	29	0.833	-894.282
31	30	0.833	-892.404
31	31	0.833	-894.811
31	32	0.833	-897.21
31	33	0.833	-897.22
31	34	0.833	-895.511
31	35	0.833	-894.285
31	36	0.833	-892.675
31	37	0.833	-893.936
31	38	0.833	-889.985
31	39	0.833	-894.175
31	40	0.833	-893.595
31	41	0.833	-895.015
31	42	0.833	-896.269
31	43	0.833	-897.002
31	44	0.833	-897.476
31	45	0.833	-895.281
31	46	0.833	-894.256
31	47	0.833	-895.154
31	48	0.833	-894.961
31	49	0.833	-893.284
31	50	0.833	-893.518
31	51	0.833	-893.278
31	52	0.833	-895.356
31	53	0.833	-895.171
31	54	0.833	-896.223
31	55	0.833	-895.311
31	56	0.833	-895.199
31	57	0.833	-897.052
31	58	0.833	-897.545
31	59	0.833	-896.302
31	60	0.833	-899.997
31	61	0.833	-898.167
31	62	0.833	-897.404
31	63	0.833	-899.887
31	64	0.833	-900.064
31	65	0.833	-898.06
31	66	0.833	-897.479
31	67	0.833	-898.259
31	68	0.833	-897.346
31	69	0.833	-897.916
31	70	0.833	-896.039
31	71	0.833	-894.405
31	72	0.833	-897.147
31	73	0.833	-896.309
31	74	0.833	-897.309
31	75	0.833	-896.942
31	76	0.833	-897.24
31	77	0.833	-898.801
31	78	0.833	-898.495
31	79	0.833	-899.729
31	80	0.833	-895.889
31	81	0.833	-896.252
31	82	0.833	-894.649
31	83	0.833	-892.888
31	84	0.833	-895.173
31	85	0.833	-893.158
31	86	0.833	-893.539
31	87	0.833	-896.084
31	88	0.833	-896.063
31	89	0.833	-889.972
31	90	0.833	-896.064
31	91	0.833	-892.551
31	92	0.833	-893.675
31	93	0.833	-895.766
31	94	0.833	-894.089
31	95	0.833	-894.54
31	96	0.833	-895.754
31	97	0.833	-894.253
31	98	0.833	-893.075
31	99	0.833	-896.887
31	100	0.833	-893.899
31	101	0.833	-893.981
31	102	0.833	-893.842
31	103	0.833	-894.712
31	104	0.833	-895.212
31	105	0.833	-898.194
31	106	0.833	-897.021
31	107	0.833	-897.7
31	108	0.833	-894.872
31	109	0.833	-897.067
31	110	0.833	-895.768
31	111	0.833	-890.92
31	112	0.833	-892.778
31	113	0.833	-892.408
31	114	0.833	-888.203
31	115	0.833	-893.928
31	116	0.833	-887.47
31	117	0.833	-891.51
31	118	0.833	-890.939
31	119	0.833	-892.341
31	120	0.833	-888.813
31	121	0.833	-894.17
31	122	0.833	-895.856
31	123	0.833	-888.075
31	124	0.833	-891.455
31	125	0.833	-890.266
31	126	0.833	-890.568
31	127	0.833	-886.526
31	128	0.833	-895.645
### SDC3-X2
#
32	1	0.833	-898.871
32	2	0.833	-901.277
32	3	0.833	-896.695
32	4	0.833	-899.813
32	5	0.833	-897.685
32	6	0.833	-898.253
32	7	0.833	-901.566
32	8	0.833	-902.303
32	9	0.833	-902.011
32	10	0.833	-902.001
32	11	0.833	-901.345
32	12	0.833	-905.407
32	13	0.833	-900.801
32	14	0.833	-902.607
32	15	0.833	-897.248
32	16	0.833	-899.41
32	17	0.833	-899.41
32	18	0.833	-899.41
32	19	0.833	-899.41
32	20	0.833	-899.41
32	21	0.833	-896.066
32	22	0.833	-890.336
32	23	0.833	-891.72
32	24	0.833	-899.41
32	25	0.833	-899.41
32	26	0.833	-899.41
32	27	0.833	-899.41
32	28	0.833	-889.759
32	29	0.833	-899.41
32	30	0.833	-897.201
32	31	0.833	-899.859
32	32	0.833	-900.116
32	33	0.833	-897.216
32	34	0.833	-897.546
32	35	0.833	-897.851
32	36	0.833	-896.286
32	37	0.833	-897.493
32	38	0.833	-897.128
32	39	0.833	-897.033
32	40	0.833	-896.667
32	41	0.833	-902.076
32	42	0.833	-899.395
32	43	0.833	-900.373
32	44	0.833	-900.348
32	45	0.833	-898.55
32	46	0.833	-898.6
32	47	0.833	-898.888
32	48	0.833	-899.94
32	49	0.833	-897.23
32	50	0.833	-896.938
32	51	0.833	-897.502
32	52	0.833	-895.099
32	53	0.833	-898.6
32	54	0.833	-897.829
32	55	0.833	-897.608
32	56	0.833	-897.894
32	57	0.833	-902.522
32	58	0.833	-901.379
32	59	0.833	-902.147
32	60	0.833	-901.947
32	61	0.833	-901.91
32	62	0.833	-902.413
32	63	0.833	-901.035
32	64	0.833	-900.084
32	65	0.833	-903.415
32	66	0.833	-902.536
32	67	0.833	-902.758
32	68	0.833	-903.669
32	69	0.833	-902.951
32	70	0.833	-903.27
32	71	0.833	-902.861
32	72	0.833	-900.661
32	73	0.833	-902.018
32	74	0.833	-902.755
32	75	0.833	-899.592
32	76	0.833	-904.888
32	77	0.833	-899.768
32	78	0.833	-901.842
32	79	0.833	-901.925
32	80	0.833	-899.703
32	81	0.833	-899.408
32	82	0.833	-899.951
32	83	0.833	-901.507
32	84	0.833	-901.452
32	85	0.833	-898.172
32	86	0.833	-900.523
32	87	0.833	-899.739
32	88	0.833	-901.155
32	89	0.833	-901.913
32	90	0.833	-900.742
32	91	0.833	-901.159
32	92	0.833	-900.856
32	93	0.833	-899.041
32	94	0.833	-897.664
32	95	0.833	-897.838
32	96	0.833	-896.111
32	97	0.833	-900.908
32	98	0.833	-897.538
32	99	0.833	-899.1
32	100	0.833	-901.081
32	101	0.833	-902.651
32	102	0.833	-898.468
32	103	0.833	-901.118
32	104	0.833	-900.946
32	105	0.833	-900.576
32	106	0.833	-903.263
32	107	0.833	-900.828
32	108	0.833	-902.105
32	109	0.833	-901.834
32	110	0.833	-898.818
32	111	0.833	-896.868
32	112	0.833	-897.718
32	113	0.833	-896.562
32	114	0.833	-894.215
32	115	0.833	-894.623
32	116	0.833	-895.316
32	117	0.833	-891.861
32	118	0.833	-893.534
32	119	0.833	-898.208
32	120	0.833	-900.309
32	121	0.833	-899.697
32	122	0.833	-902.747
32	123	0.833	-898.514
32	124	0.833	-898.604
32	125	0.833	-892.172
32	126	0.833	-899.41
32	127	0.833	-891.437
32	128	0.833	-899.41
### SDC3-Y1
#
33	1	0.833	-899.053
33	2	0.833	-899.098
33	3	0.833	-900.289
33	4	0.833	-896.55
33	5	0.833	-899.353
33	6	0.833	-897.389
33	7	0.833	-903.39
33	8	0.833	-898.221
33	9	0.833	-897.8
33	10	0.833	-897.957
33	11	0.833	-898.087
33	12	0.833	-900.204
33	13	0.833	-898.109
33	14	0.833	-902.172
33	15	0.833	-900.293
33	16	0.833	-900.722
33	17	0.833	-896.653
33	18	0.833	-899.994
33	19	0.833	-901.155
33	20	0.833	-899.656
33	21	0.833	-901.767
33	22	0.833	-900.303
33	23	0.833	-900.884
33	24	0.833	-899.972
33	25	0.833	-899.954
33	26	0.833	-898.367
33	27	0.833	-901.08
33	28	0.833	-899.028
33	29	0.833	-898.599
33	30	0.833	-902.189
33	31	0.833	-899.615
33	32	0.833	-900.483
33	33	0.833	-901.398
33	34	0.833	-901.563
33	35	0.833	-900.746
33	36	0.833	-901.081
33	37	0.833	-899.098
33	38	0.833	-898.052
33	39	0.833	-900.278
33	40	0.833	-900.514
33	41	0.833	-898.001
33	42	0.833	-898.214
33	43	0.833	-897.887
33	44	0.833	-894.007
33	45	0.833	-897.371
33	46	0.833	-898.717
33	47	0.833	-898.546
33	48	0.833	-896.19
33	49	0.833	-898.11
33	50	0.833	-899.331
33	51	0.833	-897.189
33	52	0.833	-898.413
33	53	0.833	-899.52
33	54	0.833	-899.07
33	55	0.833	-898.198
33	56	0.833	-900.844
33	57	0.833	-898.72
33	58	0.833	-901.031
33	59	0.833	-901.161
33	60	0.833	-899.104
33	61	0.833	-899.098
33	62	0.833	-890.302
33	63	0.833	-899.098
33	64	0.833	-906.665
33	65	0.833	-899.098
33	66	0.833	-891.907
33	67	0.833	-899.098
33	68	0.833	-899.098
33	69	0.833	-899.166
33	70	0.833	-902.733
33	71	0.833	-901.621
33	72	0.833	-902.713
33	73	0.833	-895.571
33	74	0.833	-896.636
33	75	0.833	-897.819
33	76	0.833	-897.838
33	77	0.833	-896.124
33	78	0.833	-897.334
33	79	0.833	-897.662
33	80	0.833	-898.578
33	81	0.833	-900.737
33	82	0.833	-901.317
33	83	0.833	-900.782
33	84	0.833	-901.122
33	85	0.833	-899.576
33	86	0.833	-901.445
33	87	0.833	-901.612
33	88	0.833	-899.432
33	89	0.833	-896.139
33	90	0.833	-899.704
33	91	0.833	-899.442
33	92	0.833	-900.374
33	93	0.833	-899.107
33	94	0.833	-899.796
33	95	0.833	-898.317
33	96	0.833	-898.919
33	97	0.833	-900.43
33	98	0.833	-899.402
33	99	0.833	-899.062
33	100	0.833	-901.115
33	101	0.833	-901.111
33	102	0.833	-902.136
33	103	0.833	-900.601
33	104	0.833	-900.35
33	105	0.833	-899.98
33	106	0.833	-900.749
33	107	0.833	-899.46
33	108	0.833	-900.617
33	109	0.833	-899.478
33	110	0.833	-901.075
33	111	0.833	-899.327
33	112	0.833	-898.98
33	113	0.833	-900.479
33	114	0.833	-899.176
33	115	0.833	-899.923
33	116	0.833	-899.111
33	117	0.833	-900.96
33	118	0.833	-901.156
33	119	0.833	-902.203
33	120	0.833	-899.456
33	121	0.833	-896.416
33	122	0.833	-894.023
33	123	0.833	-898.331
33	124	0.833	-893.146
33	125	0.833	-896.674
33	126	0.833	-899.098
33	127	0.833	-891.933
33	128	0.833	-893.928
### SDC3-Y2
#
34	1	0.833	-897.06
34	2	0.833	-899.571
34	3	0.833	-894.195
34	4	0.833	-896.289
34	5	0.833	-894.434
34	6	0.833	-891.544
34	7	0.833	-896.118
34	8	0.833	-896.374
34	9	0.833	-896.507
34	10	0.833	-898.756
34	11	0.833	-897.374
34	12	0.833	-893.884
34	13	0.833	-893.765
34	14	0.833	-899.429
34	15	0.833	-898.322
34	16	0.833	-897.089
34	17	0.833	-894.956
34	18	0.833	-898.266
34	19	0.833	-894.644
34	20	0.833	-898.381
34	21	0.833	-898.991
34	22	0.833	-895.399
34	23	0.833	-899.188
34	24	0.833	-897.43
34	25	0.833	-898.764
34	26	0.833	-895.694
34	27	0.833	-895.207
34	28	0.833	-898.006
34	29	0.833	-897.789
34	30	0.833	-898.541
34	31	0.833	-896.105
34	32	0.833	-899.777
34	33	0.833	-896.934
34	34	0.833	-897.244
34	35	0.833	-896.726
34	36	0.833	-894.904
34	37	0.833	-897.733
34	38	0.833	-898.509
34	39	0.833	-896.735
34	40	0.833	-896.583
34	41	0.833	-894.802
34	42	0.833	-896.176
34	43	0.833	-895.724
34	44	0.833	-896.886
34	45	0.833	-895.62
34	46	0.833	-894.725
34	47	0.833	-893.041
34	48	0.833	-893.799
34	49	0.833	-894.529
34	50	0.833	-896.475
34	51	0.833	-895.502
34	52	0.833	-895.877
34	53	0.833	-898.96
34	54	0.833	-898.099
34	55	0.833	-897.682
34	56	0.833	-900.095
34	57	0.833	-897.363
34	58	0.833	-897.139
34	59	0.833	-897.797
34	60	0.833	-892.55
34	61	0.833	-895.829
34	62	0.833	-895.829
34	63	0.833	-895.829
34	64	0.833	-902.28
34	65	0.833	-886.687
34	66	0.833	-892.703
34	67	0.833	-895.829
34	68	0.833	-895.829
34	69	0.833	-898.625
34	70	0.833	-898.937
34	71	0.833	-899.055
34	72	0.833	-896.047
34	73	0.833	-893.319
34	74	0.833	-893.427
34	75	0.833	-893.95
34	76	0.833	-894.757
34	77	0.833	-890.685
34	78	0.833	-894.966
34	79	0.833	-895.484
34	80	0.833	-895.783
34	81	0.833	-894.69
34	82	0.833	-896.65
34	83	0.833	-896.134
34	84	0.833	-896.964
34	85	0.833	-893.916
34	86	0.833	-898.207
34	87	0.833	-896.156
34	88	0.833	-897.839
34	89	0.833	-893.171
34	90	0.833	-895.469
34	91	0.833	-895.017
34	92	0.833	-896.724
34	93	0.833	-895.127
34	94	0.833	-896.753
34	95	0.833	-894.725
34	96	0.833	-895.444
34	97	0.833	-894.8
34	98	0.833	-895.148
34	99	0.833	-895.647
34	100	0.833	-894.993
34	101	0.833	-899.149
34	102	0.833	-898.273
34	103	0.833	-896.064
34	104	0.833	-895.149
34	105	0.833	-893.264
34	106	0.833	-894.605
34	107	0.833	-895.688
34	108	0.833	-896.003
34	109	0.833	-895.073
34	110	0.833	-897.067
34	111	0.833	-894.506
34	112	0.833	-895.598
34	113	0.833	-896.276
34	114	0.833	-894.359
34	115	0.833	-890.182
34	116	0.833	-892.077
34	117	0.833	-896.15
34	118	0.833	-892.457
34	119	0.833	-895.965
34	120	0.833	-898.722
34	121	0.833	-889.552
34	122	0.833	-889.749
34	123	0.833	-889.602
34	124	0.833	-892.319
34	125	0.833	-889.117
34	126	0.833	-893.051
34	127	0.833	-895.829
34	128	0.833	-895.829
### SDC4-Y1
#
35	1	0.833	-889.664
35	2	0.833	-883.899
35	3	0.833	-889.664
35	4	0.833	-890.217
35	5	0.833	-889.132
35	6	0.833	-888.091
35	7	0.833	-889.051
35	8	0.833	-886.396
35	9	0.833	-888.889
35	10	0.833	-888.314
35	11	0.833	-893.498
35	12	0.833	-892.65
35	13	0.833	-889.106
35	14	0.833	-888.891
35	15	0.833	-891.103
35	16	0.833	-888.56
35	17	0.833	-891.543
35	18	0.833	-887.606
35	19	0.833	-889.549
35	20	0.833	-888.885
35	21	0.833	-890.908
35	22	0.833	-889.921
35	23	0.833	-890.778
35	24	0.833	-887.512
35	25	0.833	-888.132
35	26	0.833	-884.025
35	27	0.833	-885.919
35	28	0.833	-887.984
35	29	0.833	-886.106
35	30	0.833	-889.664
35	31	0.833	-889.664
35	32	0.833	-880
35	33	0.833	-880.539
35	34	0.833	-879.806
35	35	0.833	-889.664
35	36	0.833	-889.631
35	37	0.833	-889.18
35	38	0.833	-888.528
35	39	0.833	-891.411
35	40	0.833	-890.555
35	41	0.833	-891.211
35	42	0.833	-889.947
35	43	0.833	-892.171
35	44	0.833	-893.967
35	45	0.833	-894.332
35	46	0.833	-890.509
35	47	0.833	-892.411
35	48	0.833	-893.761
35	49	0.833	-893.098
35	50	0.833	-891.462
35	51	0.833	-894.957
35	52	0.833	-895.988
35	53	0.833	-893.284
35	54	0.833	-891.396
35	55	0.833	-893.636
35	56	0.833	-891.072
35	57	0.833	-891.319
35	58	0.833	-888.213
35	59	0.833	-889.844
35	60	0.833	-887.095
35	61	0.833	-889.712
35	62	0.833	-891.605
35	63	0.833	-885.963
35	64	0.833	-889.664
## SDC4-Y2
#
36	1	0.833	-890
36	2	0.833	-895.013
36	3	0.833	-893.438
36	4	0.833	-892.947
36	5	0.833	-889.177
36	6	0.833	-888.662
36	7	0.833	-890.902
36	8	0.833	-890.035
36	9	0.833	-892.933
36	10	0.833	-893.034
36	11	0.833	-889.862
36	12	0.833	-893.178
36	13	0.833	-887.868
36	14	0.833	-890.355
36	15	0.833	-892.244
36	16	0.833	-890.531
36	17	0.833	-889.561
36	18	0.833	-889.116
36	19	0.833	-886.474
36	20	0.833	-890.002
36	21	0.833	-889.835
36	22	0.833	-891.287
36	23	0.833	-887.559
36	24	0.833	-887.86
36	25	0.833	-886.066
36	26	0.833	-881.286
36	27	0.833	-883.711
36	28	0.833	-886.764
36	29	0.833	-887.697
36	30	0.833	-889.089
36	31	0.833	-890.522
36	32	0.833	-889.089
36	33	0.833	-890.307
36	34	0.833	-890.293
36	35	0.833	-889.089
36	36	0.833	-890.748
36	37	0.833	-887.452
36	38	0.833	-888.165
36	39	0.833	-888.007
36	40	0.833	-891.357
36	41	0.833	-887.891
36	42	0.833	-891.783
36	43	0.833	-887.533
36	44	0.833	-890.118
36	45	0.833	-891.712
36	46	0.833	-889.267
36	47	0.833	-892.343
36	48	0.833	-893.935
36	49	0.833	-893.842
36	50	0.833	-893.887
36	51	0.833	-889.479
36	52	0.833	-893.676
36	53	0.833	-894.553
36	54	0.833	-892.46
36	55	0.833	-895.126
36	56	0.833	-894.295
36	57	0.833	-887.549
36	58	0.833	-894.133
36	59	0.833	-893.788
36	60	0.833	-896.153
36	61	0.833	-890.116
36	62	0.833	-887.868
36	63	0.833	-889.089
36	64	0.833	-891.626
### SDC4-X1
#
37	1	0.833	-892.253
37	2	0.833	-889.594
37	3	0.833	-895.874
37	4	0.833	-892.253
37	5	0.833	-883.861
37	6	0.833	-889.47
37	7	0.833	-892.035
37	8	0.833	-882.624
37	9	0.833	-891.637
37	10	0.833	-892.618
37	11	0.833	-890.701
37	12	0.833	-892.253
37	13	0.833	-888.286
37	14	0.833	-888.946
37	15	0.833	-891.75
37	16	0.833	-892.253
37	17	0.833	-891.31
37	18	0.833	-895.103
37	19	0.833	-892.253
37	20	0.833	-892.253
37	21	0.833	-892.253
37	22	0.833	-897.08
37	23	0.833	-889.82
37	24	0.833	-889.818
37	25	0.833	-889.913
37	26	0.833	-890.605
37	27	0.833	-890
37	28	0.833	-890
37	29	0.833	-890
37	30	0.833	-890
37	31	0.833	-890
37	32	0.833	-890
37	33	0.833	-892.253
37	34	0.833	-888.78
37	35	0.833	-889.834
37	36	0.833	-890.525
37	37	0.833	-891.558
37	38	0.833	-892.852
37	39	0.833	-891.505
37	40	0.833	-891.604
37	41	0.833	-889.74
37	42	0.833	-892.232
37	43	0.833	-894.957
37	44	0.833	-893.7
37	45	0.833	-895.137
37	46	0.833	-895.537
37	47	0.833	-893.73
37	48	0.833	-896.514
37	49	0.833	-897.466
37	50	0.833	-898.006
37	51	0.833	-899.351
37	52	0.833	-899.289
37	53	0.833	-895.568
37	54	0.833	-898.564
37	55	0.833	-893.811
37	56	0.833	-894.88
37	57	0.833	-897.768
37	58	0.833	-894.216
37	59	0.833	-896.163
37	60	0.833	-895.043
37	61	0.833	-891.672
37	62	0.833	-896.357
37	63	0.833	-890.796
37	64	0.833	-893.367
37	65	0.833	-889.659
37	66	0.833	-890.133
37	67	0.833	-887.34
37	68	0.833	-891.52
37	69	0.833	-888.459
37	70	0.833	-887.255
37	71	0.833	-887.18
37	72	0.833	-888.694
37	73	0.833	-886.005
37	74	0.833	-888.587
37	75	0.833	-889.331
37	76	0.833	-892.413
37	77	0.833	-892.253
37	78	0.833	-892.253
37	79	0.833	-889.095
37	80	0.833	-886.175
37	81	0.833	-892.253
37	82	0.833	-890.028
37	83	0.833	-892.253
37	84	0.833	-883.328
37	85	0.833	-892.253
37	86	0.833	-892.253
37	87	0.833	-887.786
37	88	0.833	-892.253
37	89	0.833	-892.253
37	90	0.833	-892.253
37	91	0.833	-892.253
37	92	0.833	-892.253
37	93	0.833	-892.253
37	94	0.833	-897.629
37	95	0.833	-892.253
37	96	0.833	-898.281
### SDC4-X2
#
38	1	0.833	-881.856
38	2	0.833	-887.087
38	3	0.833	-882.671
38	4	0.833	-890.659
38	5	0.833	-890.747
38	6	0.833	-891.225
38	7	0.833	-887.978
38	8	0.833	-889.808
38	9	0.833	-885.516
38	10	0.833	-890.761
38	11	0.833	-884.918
38	12	0.833	-892.483
38	13	0.833	-890.267
38	14	0.833	-883.134
38	15	0.833	-889.193
38	16	0.833	-891.069
38	17	0.833	-886.799
38	18	0.833	-895.106
38	19	0.833	-887.087
38	20	0.833	-887.087
38	21	0.833	-896.953
38	22	0.833	-887.087
38	23	0.833	-880
38	24	0.833	-880
38	25	0.833	-880
38	26	0.833	-880
38	27	0.833	-879.293
38	28	0.833	-880
38	29	0.833	-880
38	30	0.833	-880
38	31	0.833	-880
38	32	0.833	-880
38	33	0.833	-890.208
38	34	0.833	-887.087
38	35	0.833	-882.455
38	36	0.833	-883.393
38	37	0.833	-885.412
38	38	0.833	-882.991
38	39	0.833	-885.679
38	40	0.833	-888.484
38	41	0.833	-886.59
38	42	0.833	-888.006
38	43	0.833	-887.391
38	44	0.833	-889.158
38	45	0.833	-887.751
38	46	0.833	-891.52
38	47	0.833	-888.383
38	48	0.833	-886.014
38	49	0.833	-892.593
38	50	0.833	-890.673
38	51	0.833	-893.029
38	52	0.833	-893.687
38	53	0.833	-894.194
38	54	0.833	-887.978
38	55	0.833	-890.517
38	56	0.833	-892.964
38	57	0.833	-893.45
38	58	0.833	-889.684
38	59	0.833	-886.572
38	60	0.833	-887.629
38	61	0.833	-890.169
38	62	0.833	-886.458
38	63	0.833	-888.396
38	64	0.833	-889.641
38	65	0.833	-886.7
38	66	0.833	-881.705
38	67	0.833	-882.124
38	68	0.833	-884.861
38	69	0.833	-882.716
38	70	0.833	-882.465
38	71	0.833	-883.324
38	72	0.833	-883.945
38	73	0.833	-882.19
38	74	0.833	-885.242
38	75	0.833	-880.903
38	76	0.833	-886.92
38	77	0.833	-886.119
38	78	0.833	-879.483
38	79	0.833	-877.799
38	80	0.833	-887.087
38	81	0.833	-887.683
38	82	0.833	-888.173
38	83	0.833	-884.982
38	84	0.833	-890.974
38	85	0.833	-887.087
38	86	0.833	-896.309
38	87	0.833	-887.087
38	88	0.833	-886.768
38	89	0.833	-887.087
38	90	0.833	-887.087
38	91	0.833	-885.935
38	92	0.833	-887.087
38	93	0.833	-887.087
38	94	0.833	-890.274
38	95	0.833	-895.118
38	96	0.833	-885.365
